0,1,2,3,4,5
0.14263538924899058,0.14108583315437728,0.18399156160796729,0.27299589736777397,0.06312322644260503,0.19616809217828585
0.1233571868785744,0.194093472764777,0.2601810077271665,0.23788264006297918,0.06125718993065282,0.12322850263585008
0.13662597801435258,0.24373904881197794,0.20898098766190362,0.1398718960080309,0.10031664878737065,0.1704654407163642
0.2616371463436795,0.2440405317096995,0.1863115352667252,0.12505439958237996,0.08938801011030792,0.09356837698720796
0.132026687135667,0.26871474663215,0.2188019273920648,0.16055670108743608,0.10604698447327064,0.11385295327941145
0.14835659831879075,0.20045514781458998,0.23328383635005331,0.2025615858110301,0.03992113088508107,0.17542170082045475
0.17332429943075892,0.17970007120608444,0.17387004428212155,0.24115190778229578,0.06816841221932664,0.1637852650794126
0.18459098376396452,0.2091219286284056,0.23489755800696352,0.16524032549795287,0.10597090159804974,0.10017830250466375
0.2096478837588599,0.2843330760092919,0.17447341235258373,0.15755442187296254,0.08017099183446257,0.09382021417183935
0.16451036689135504,0.12310903724400561,0.1720674578060405,0.3061905796866102,0.05902442164133933,0.17509813673064945
0.13236635585328743,0.1507488479559342,0.17531965276937744,0.272956210546007,0.09106815764701183,0.17754077522838196
0.11905852573008328,0.19094165801458463,0.17052728621490704,0.22593394781586149,0.09054133964831175,0.202997242576252
0.188475469570431,0.23570440445203533,0.16428476963451372,0.15703887888318155,0.10088099673224894,0.15361548072758935
0.127632644684913,0.16851416639992234,0.19992565077750654,0.19966603037103578,0.0749241270211958,0.22933738074542648
0.16947611073575136,0.32219189707221274,0.1516276738934305,0.14551868106100677,0.08206139562631148,0.1291242416112872
0.1137362885522801,0.11110852079677087,0.25060791110034275,0.24460111477572913,0.034200396164813095,0.24574576861006414
0.15478338118183216,0.22347528699510302,0.2041243903451773,0.16243200484581757,0.13626845959208694,0.11891647703998312
0.13105915159168585,0.11866795785395541,0.30394944170794946,0.23620446619289254,0.04174182596580339,0.16837715668771344
0.1488897233025169,0.20526852091871278,0.19907063841266284,0.18137546534294727,0.09714194437660603,0.16825370764655423
0.1399389209988926,0.15419782823095693,0.21150860064765706,0.29871784276004704,0.044361862757455364,0.15127494460499105
0.17722875065515797,0.22963867805168467,0.1712392552929539,0.14634393336153337,0.11531553117446117,0.16023385146420893
0.16240076275677193,0.17419454827119957,0.16155470984792888,0.22163340119260594,0.08980607872654639,0.19041049920494718
0.1558051667486855,0.16495086271442902,0.16015252050861323,0.20802550661920072,0.08241000340700914,0.22865594000206227
0.1025283310101021,0.16448582315188223,0.1961267245079267,0.3097854459667899,0.06017680689630241,0.16689686846699656
0.22570640383782403,0.232903729281538,0.18511390897680544,0.14866242121212114,0.10858726714021891,0.09902626955149259
0.0998780621181714,0.14328728820405723,0.14119307348421445,0.2579330548066071,0.06183392066827023,0.2958746007186796
0.14946855285571542,0.24415515017882677,0.18483717384831808,0.16970341134689243,0.10592196236204483,0.1459137494082025
0.27637407046221496,0.2148178657242041,0.20328374065184251,0.12950520722526027,0.0898929801691703,0.08612613576730789
0.20139223534702183,0.2956503767140763,0.21353237190836807,0.10828677146484475,0.11391896585138095,0.0672192787143079
0.10184846316486822,0.11499528233392992,0.2696359794433401,0.31760296164888396,0.03307541657239936,0.16284189683657838
0.10198505270375964,0.22900022255230668,0.12485913769910086,0.18283786660087928,0.08203678766894089,0.27928093277501265
0.19320437590451564,0.22356828281648441,0.15671186228241288,0.17228568947953632,0.12809742525357493,0.126132364263476
0.1458464844671417,0.3168042146118517,0.15137711671734064,0.1438393126409229,0.12485441486241407,0.11727845670032913
0.151991929201755,0.13237619819979976,0.2509867132625252,0.21478890888511645,0.0575536148796459,0.19230263557115768
0.11107532366664312,0.1536235467841166,0.14027285454716454,0.3702157160516635,0.04794943723065128,0.17686312171976087
0.14484069432664254,0.19473779993119156,0.2561009277625659,0.16394833868174052,0.12353257133985358,0.11683966795800584
0.1894847947545293,0.25051529106720194,0.19937710883223356,0.1340282202864569,0.09232802094140335,0.13426656411817495
0.23648006665992874,0.20219876867803505,0.21164591530130328,0.13477075538521407,0.11643770614738208,0.09846678782813661
0.18457460659693278,0.2607293701379642,0.2321128472432406,0.13519936747030645,0.09644216731628166,0.09094164123527437
0.1752184012567388,0.09988538387579902,0.31918524497984246,0.24830302298680623,0.028381922351300385,0.1290260245495131
0.18113541734449232,0.2941688950536403,0.1753593064924098,0.13450822758238132,0.08324694471578936,0.13158120881128704
0.23340659716350579,0.2028709735826395,0.16917524955789967,0.12668224374093168,0.16064471850870918,0.10722021744631414
0.16469822583073854,0.1875837888486706,0.20717898406341212,0.17259241477861892,0.09308637254706902,0.17486021393149073
0.15980220067145215,0.2358844681086662,0.1921537256423845,0.1717689497978863,0.0975513207934751,0.14283933498613582
0.15586615431243686,0.19718388135319184,0.2221090965758703,0.15020129375724256,0.08879701934677472,0.18584255465448368
0.16446086908986962,0.1701255233219764,0.3010399305853899,0.19688133058525178,0.04686467655257865,0.12062766986493366
0.20223503087676567,0.23379847738950313,0.18833022313535383,0.10921314010393925,0.14027372398359897,0.12614940451083928
0.12661965793015856,0.16730411434108192,0.2661291538896249,0.23533832490313078,0.05197949276778425,0.15262925616821973
0.2438478077729899,0.20607041883819513,0.1888937750573661,0.18732672626750752,0.06811531060473233,0.10574596145920906
0.253370649092153,0.20916856570976847,0.14667686502575505,0.16540323052785325,0.10829273774498543,0.11708795189948475
0.2203465476660086,0.27400521762011154,0.17797525395095487,0.1443325473266262,0.08889129181021702,0.09444914162608183
0.18644164788108852,0.2155723918550678,0.2284753346474781,0.15238973188613594,0.0831366474862522,0.13398424624397742
0.12318201666397532,0.14484555116102038,0.23324964203316711,0.24238559226917855,0.04289484356678325,0.21344235430587544
0.12390837634614212,0.12233709270606513,0.2217243417237873,0.23806910551072313,0.042605031247559155,0.25135605246572323
0.2175692575831767,0.15520743903608586,0.1846892829802024,0.21158385800948878,0.09373464072667417,0.13721552166437206
0.1826142333067572,0.14972676940742352,0.2663597023932313,0.22285885915053474,0.06319783586119176,0.11524259988086138
0.13412191144898436,0.2536744575460627,0.23184562467278974,0.16305905956299827,0.07114892978726926,0.14615001698189578
0.15179566019198035,0.1838800039620154,0.33625155498475523,0.14077428602583258,0.07810282006113937,0.109195674774277
0.186702179086842,0.23623608755936895,0.18975188847688146,0.1458497811758979,0.11751846335172374,0.12394160034928597
0.16533723607704845,0.1480606992622154,0.22251597387947147,0.22905295934808365,0.05730940873270327,0.1777237227004777
0.19456207010824733,0.25744044688242196,0.17479036925011834,0.14398766125491236,0.10684023231628786,0.1223792201880121
0.18256284099181344,0.20998053481334422,0.16459688498916905,0.11030960061270753,0.17497010854512804,0.15758003004783772
0.16433933686837132,0.20551109076598498,0.13963487891825455,0.16755929802898864,0.11012229584011995,0.21283309957828056
0.2120777115512796,0.2757475672723073,0.1399381883838132,0.11017884908337343,0.13071735419264482,0.1313403295165816
0.13106559715216934,0.2158719025549861,0.29620775176478176,0.18491751301838735,0.06612217217297844,0.10581506333669714
0.17511604931447078,0.16310757783667873,0.29534758314869697,0.190304017163769,0.045470096523233326,0.13065467601315117
0.20060870372143283,0.2130105460496883,0.2345050124228634,0.11733617364051734,0.14730050512455872,0.08723905904093958
0.16005379941990877,0.1325761984137335,0.19173335610919706,0.1845285287234512,0.049382253206721946,0.2817258641269875
0.192100387268139,0.26326016915465905,0.20987105289966737,0.12037123284698145,0.10340063914072636,0.11099651868982681
0.09807809019106602,0.07299637093885825,0.2672104113392378,0.3427451981720526,0.02084266004774306,0.19812726931104238
0.16543188292127248,0.13503096153077349,0.17266562483325482,0.22187043505764895,0.06256960420029267,0.24243149145675771
0.18594743364641192,0.20327388778193817,0.21900782008928255,0.13535783191531944,0.11280319876191862,0.14360982780512935
0.2022379381815912,0.25580436695268877,0.16089221069092627,0.13302378761285902,0.118269701968233,0.1297719945937018
0.1585273879756147,0.17847176385218577,0.15245557132786614,0.23184041522740792,0.059506455701475024,0.21919840591545048
0.22943905393520064,0.22058894662119477,0.1654388806013452,0.17405910249325848,0.07141101709223681,0.13906299925676416
0.1339212801625601,0.20652807472114926,0.2365402584825684,0.20267218987649532,0.05850048626193948,0.16183771049528736
0.1589843184392338,0.18984256595192914,0.19080058622636262,0.1775050948197826,0.061975945283877024,0.22089148927881477
0.1568081504783169,0.22920214557009916,0.17728009584990023,0.1616938335452569,0.1079424325708072,0.16707334198561963
0.13039316927816674,0.11463928876858985,0.3108847464498912,0.22753357245599604,0.05007876840240529,0.16647045464495092
0.21440961971361053,0.22809218960892447,0.15307308170156667,0.1637780854816764,0.11371900515041028,0.1269280183438116
0.1350003632832959,0.10832352242649732,0.23576166998616205,0.28579931558972316,0.05322766145140766,0.181887467262914
0.13957592940044566,0.18951602146229957,0.21123183511286858,0.24584501590651592,0.0703555749372089,0.14347562318066148
0.1110765285355894,0.11227079168026165,0.21010013034631758,0.3500829429895571,0.030987012619818163,0.18548259382845608
0.15773069640840212,0.22740812475869457,0.16181968251513085,0.16571169428598806,0.10265896548830628,0.18467083654347832
0.17631122833890103,0.1695431956756471,0.21910784412796477,0.2307646922848265,0.05449892211012136,0.1497741174625392
0.08617264833935415,0.11632169784668289,0.212145188625277,0.298296975608638,0.0498241547390974,0.23723933484095042
0.24928307016940343,0.24547600760031782,0.19364526058834824,0.138135922201826,0.08699065083939249,0.08646908860071212
0.16561724331426003,0.19160771102414373,0.22077887109913544,0.21009740256993523,0.07422322321449427,0.1376755487780312
0.2165611483225313,0.22051470662061695,0.19853056052503207,0.15888019323696376,0.0826256717771863,0.1228877195176696
0.20410873070252603,0.23634607398881632,0.1817314496802796,0.12470562318094525,0.10107020509669778,0.15203791735073507
0.2083772135408584,0.1811233775172228,0.18678435737944482,0.1814208023458672,0.0651879578961716,0.17710629132043526
0.1336773126037596,0.19004919840276127,0.1608187175279863,0.21124985248279035,0.062044929284349966,0.24215998969835253
0.14973670746954368,0.16494960342204004,0.19690931066978704,0.25282253451442754,0.06154630689347965,0.1740355370307222
0.15077318172744544,0.2392447146165279,0.20363537137357948,0.18748498145463607,0.11159041124204502,0.10727133958576612
0.10329374325036128,0.13544615559446802,0.1774701389554306,0.23413709768520224,0.05747919435256805,0.29217367016196977
0.15779704032738343,0.17871431101794014,0.19671580261029972,0.17733849925648532,0.1232105265505207,0.16622382023737078
0.08614949103795509,0.18589255333346535,0.14990434491293494,0.27634413570796273,0.049090800336479466,0.25261867467120236
0.16842403668239092,0.16722909237930372,0.19383810170176252,0.17431952226515013,0.07076216074002767,0.22542708623136504
0.11691258105742736,0.19863888109770558,0.16995124716001592,0.3308704913197825,0.051163286009036704,0.132463513356032
0.19859239722714989,0.20701403343527494,0.1836322090536855,0.15485406437241728,0.13142167260026072,0.1244856233112116
0.12673913508034013,0.22013784433969355,0.13001989841236447,0.19117453041866955,0.0908503087043163,0.2410782830446159
0.12383304646598965,0.10853571924583158,0.30795310542656396,0.22198364861210482,0.04232148612208569,0.19537299412742437
0.15744960862410948,0.12931996043328017,0.20542686158903173,0.31093671158941394,0.04784618346985099,0.1490206742943136
0.15243826071512104,0.23196167681605595,0.249632045959886,0.12653723086895485,0.08182978869144744,0.1576009969485348
0.13148984167320965,0.23254162718272428,0.1838230964950341,0.25490192523479505,0.07094060964917054,0.12630289976506642
0.1412799846332171,0.2447680773892882,0.17962120238073423,0.14086323639503937,0.0983063465239218,0.1951611526777994
0.211802254198748,0.214419691911402,0.20671755519736715,0.134518048093886,0.13061560662062208,0.1019268439779748
0.12844891610931156,0.14861692729411063,0.21286854038340014,0.24901986410805857,0.058820732356761045,0.20222501974835796
0.11410321256867818,0.15565914824337884,0.20286973773550634,0.20030890976296,0.10173356458709767,0.22532542710237904
0.15116090449657488,0.1731898826353594,0.18569017609866173,0.10736709864073198,0.2737287512157129,0.10886318691295906
0.20459207253604259,0.2151096136933836,0.2667341882028385,0.15076784664502613,0.06456508850254232,0.09823119042016691
0.15462340825640042,0.2702094365553658,0.18929769875266245,0.13687655663237366,0.08567683636518258,0.16331606343801508
0.17481992312136624,0.2716303657319704,0.16294882054195128,0.11601354508433732,0.16385331559392094,0.11073402992645387
0.1937106326396665,0.14495697540793134,0.30855460211243624,0.13261844440801138,0.07200729615528068,0.14815204927667383
0.1835991800385165,0.25161079573750494,0.1567839379476882,0.13171165822177316,0.15681850904563976,0.11947591900887751
0.10846530259263083,0.11592116646370047,0.1933106860367739,0.298840738300427,0.04041900936117174,0.24304309724529616
0.1389109537903222,0.1936955706797865,0.14632329222714419,0.2021609973823577,0.09314536265868173,0.2257638232617078
0.16583411849921276,0.16957600748748697,0.23682540592418796,0.20378268790831036,0.07934508373403795,0.14463669644676397
0.15375661210579492,0.20679633726704816,0.17825103315532254,0.1767641217301759,0.11384331526944469,0.17058858047221387
0.27075884915068743,0.24786730996871237,0.19593420116182744,0.09978264555189062,0.10961796207257353,0.07603903209430866
0.2061113873442763,0.22086785195666303,0.18209271263011337,0.13875247349693998,0.13958324931616709,0.11259232525584019
0.13958819141512033,0.1945777689341734,0.22978712456391984,0.2633573696674862,0.04732500621391951,0.12536453920538082
0.11557505765382708,0.20971706349957334,0.2230481143173279,0.23260311569033115,0.07125441273661162,0.14780223610232893
0.23339765385548988,0.22469052730096398,0.1646739554340657,0.10529572238596618,0.19271738964554425,0.07922475137797012
0.17742446571316764,0.1817790028644671,0.22377511821156645,0.19898026635326396,0.0693365061295246,0.14870464072801018
0.13776885107111747,0.2771819386037499,0.2049877864115741,0.1607815626414843,0.08390906454298441,0.1353707967290899
0.15462792725318922,0.35801700204145465,0.12583702102666597,0.12202414726679145,0.1364873519867306,0.10300655042516808
0.1760293761344061,0.23656444161351045,0.21003161407158327,0.13211567028294022,0.10920717685234285,0.136051721045217
0.12558549595776186,0.2369317738271889,0.26980947446101256,0.18018013024969437,0.08209949676149256,0.1053936287428497
0.2304247592239909,0.14443374123239075,0.18383040617283894,0.1993354510376447,0.06910811718496636,0.17286752514816825
0.1944854558741401,0.2659432910321032,0.209328789805547,0.10063651524089758,0.13543957769969858,0.09416637034761347
0.17920463905638875,0.2775495452815086,0.14358579044259515,0.14024274369922773,0.140653277411542,0.11876400410873769
0.1526549787392131,0.20382832330601047,0.20647070943231943,0.18696507912609175,0.07938725202671898,0.17069365736964626
0.173830694917964,0.27292573010569404,0.17906107058693588,0.12585703699877723,0.1391163165117776,0.10920915087885123
0.1610430236384043,0.1993844893561351,0.2026965427973978,0.17740347779130333,0.09785251566398251,0.16161995075277694
0.1624450747373722,0.20063887439297345,0.15440209936988739,0.20404025323760042,0.10060359107898426,0.17787010718318225
0.1275502191792203,0.2776221572484974,0.16089837580724814,0.14763680899522694,0.13850921016977696,0.14778322860003024
0.150647423817201,0.15093972137642583,0.24693023938463385,0.2143429853524635,0.056128818143231035,0.18101081192604482
0.20605312509157117,0.21530415948072368,0.1701042686496499,0.15825039347870204,0.08532903373240075,0.16495901956695244
0.17900149361171355,0.1923621849489524,0.23343361367402263,0.14101767872307486,0.14582979406849933,0.10835523497373722
0.12960722490489943,0.2173035223354715,0.18329885353570327,0.19987735658524602,0.09203314562525818,0.1778798970134216
0.1640195115887822,0.2881561053898208,0.18511141725655791,0.14917155783176242,0.10036015777821525,0.1131812501548614
0.1842538050458194,0.20510646554137654,0.20530781740003187,0.15702148051254286,0.11674888934542677,0.13156154215480248
0.2096148017457357,0.17267434926750116,0.17667790003306177,0.17338541050966658,0.08144170263780497,0.1862058358062297
0.11866740868444113,0.36477975414261243,0.1509810477947048,0.13505290046951418,0.12158103013473762,0.10893785877398993
0.1133652039100095,0.11637146742541775,0.287684971577242,0.2383882458344298,0.044849534229313204,0.1993405770235877
0.19664785749215943,0.1768090113582809,0.2500265209465464,0.16409462741962608,0.09591074408478605,0.11651123869860101
0.19975318087808902,0.20664096629681472,0.25197405533680595,0.15991699416091262,0.07229279955724058,0.10942200377013708
0.11772880108926628,0.24448250168833502,0.146324377632226,0.18494421048434667,0.14201802148416715,0.1645020876216589
0.25374657134406736,0.1926831111128968,0.15570377469994617,0.162598136289036,0.1054019926045153,0.12986641394953835
0.19586796754532743,0.1395341669565321,0.229056668206638,0.16567262815886769,0.11913576038117941,0.15073280875145528
0.16592717991598768,0.14585409153477588,0.3016206125656429,0.24800717066853942,0.0484250499693204,0.09016589534573373
0.14530852524884988,0.36128190450283054,0.15769993981231545,0.11858106028619292,0.10160958951523649,0.11551898063457465
0.07553277956507967,0.11007521592996737,0.206816793473683,0.33229413522922197,0.04499068060356535,0.23029039519848266
0.16416521561683386,0.3378245398385132,0.17419002342494241,0.13494646164140317,0.09945312791082705,0.08942063156748016
0.0949856667503807,0.17896246784954112,0.15007631226560375,0.2700887716300362,0.0389658735233492,0.266920907981089
0.23947461986990096,0.2732888643508371,0.1596108626345383,0.10541186928206729,0.12962714199990868,0.09258664186274766
0.11742781278969107,0.15167316478231038,0.17817439562068277,0.35273827516021294,0.056825113985311884,0.14316123766179087
0.2079604627699991,0.17811765778588917,0.226753565491744,0.13142804839887456,0.15565941986316242,0.10008084569033078
0.12116750622531319,0.17237895776712328,0.1419655687965084,0.20444362367864893,0.05750583406834338,0.3025385094640629
0.12979437594899204,0.19830675672723036,0.16422393456076195,0.1842364418734464,0.09016124190613506,0.2332772489834341
0.1448351720839503,0.09864183635548208,0.20949703098602218,0.298973052275487,0.059923835834351846,0.18812907246470667
0.14719209564574212,0.17356702306123928,0.23513669251506122,0.22919470640093775,0.057995288386720856,0.15691419399029866
0.16557024545010163,0.2562154008997047,0.21064446407695936,0.14840140997040374,0.09929896183352094,0.11986951776930954
0.10651962190458146,0.20727080240816947,0.1634305208653881,0.2083798075398487,0.04682192539020365,0.2675773218918086
0.14179702402977729,0.21152297403028517,0.12305669907328776,0.20260984282554578,0.08823389792279838,0.23277956211830564
0.18782158262919338,0.20406743344093375,0.2355250825634341,0.19137843917384903,0.07931617748839384,0.10189128470419581
0.09782844883815205,0.16645898559028896,0.15009385813339612,0.30228951244003976,0.04982682929026255,0.23350236570786048
0.1613056534411237,0.2514711099877052,0.15256676507111636,0.18709179899147302,0.10878914572826283,0.138775526780319
0.20278770704146204,0.18749543586210685,0.24519638722387127,0.16173185809881346,0.07029455146134564,0.13249406031240096
0.1388578005690175,0.14976044117205542,0.2635774810459509,0.20284293192969824,0.05778847465389211,0.18717287062938587
0.1657559494831077,0.20278258690641993,0.2321502760054768,0.18784430745115227,0.07295433927978912,0.13851254087405415
0.10386477123466391,0.09378626836150668,0.22732298076213964,0.2952562313732499,0.02759047599920652,0.25217927226923337
0.16765157840179382,0.20615695894671196,0.21266566612780483,0.22320009672806868,0.06389394976255221,0.12643175003306847
0.12823306956098968,0.1459118539620967,0.24248637771295867,0.19150675111925758,0.04404731606092823,0.24781463158376907
0.09054364356756857,0.1207183439169844,0.13334435459970997,0.3726167695570155,0.05038047824761105,0.23239641011111067
0.1833321484619353,0.21996997391562462,0.26488551302285834,0.13591277970290533,0.0697940029769299,0.12610558191974647
0.12234388450312829,0.1973379240507243,0.14869845462959458,0.19620212884538915,0.14410337208666285,0.19131423588450078
0.19375736412100153,0.18018734748870938,0.253108268676648,0.20935024480732126,0.07309426999023873,0.09050250491608111
0.15412781770615003,0.2320847494804799,0.17461138569055853,0.14929482775517847,0.09228450099363068,0.1975967183740023
0.14541484982837077,0.15539709736949636,0.24196675617125887,0.23980666378054344,0.07529253695884766,0.14212209589148295
0.09035938848006715,0.0900687845864523,0.3179907928290046,0.30585710058303067,0.025510738821496695,0.17021319469994847
0.11944869084208068,0.165346566620396,0.19782979279910623,0.24514864929755387,0.0697986677754911,0.2024276326653722
0.13290866053291475,0.16607646316623892,0.17965308226934645,0.19887301697991402,0.07224206337148857,0.25024671368009727
0.22161221076887383,0.18368760529209496,0.20919569719730216,0.15848544292053698,0.104541067431392,0.12247797638980004
0.1047037284798136,0.14056806980434217,0.1452000714685012,0.30412963552492944,0.07158579477609393,0.23381269994631962
0.1863292685581762,0.28882753079221885,0.21984808150053609,0.12951973941661474,0.08978918821683918,0.08568619151561498
0.10978993045325328,0.1766513897873889,0.2947388057543595,0.18356071084147846,0.06167134885628696,0.1735878143072329
0.164521905143046,0.16626300636344776,0.23083264826814168,0.2240411182714201,0.061280337574428204,0.1530609843795162
0.14614231603029312,0.21350441334491593,0.20696274135191356,0.19064758503525883,0.10290556326342426,0.13983738097419426
0.09518513925227251,0.13971642076644045,0.21762257449366504,0.212392950874458,0.04755617230661207,0.2875267423065519
0.0824707887650729,0.09000275154453252,0.2160501181611211,0.34825982796841803,0.02692826488152225,0.23628824867933335
0.1158289173105607,0.17283108160049385,0.15793693451175903,0.2379273575937447,0.08091050894181219,0.23456520004162953
0.1606952946284056,0.12340355018913107,0.21389299359909192,0.3548707060822502,0.04835819256465211,0.09877926293646914
0.11616463067117183,0.263425694494323,0.1533024434955912,0.16966149403954947,0.14051026643472947,0.15693547086463513
0.17589338421273135,0.13626991792948287,0.26374692287197304,0.20299235617092387,0.041370296345865705,0.1797271224690231
0.15390007535108896,0.2530370606340706,0.16641081729885313,0.13612920367160222,0.17915581231094932,0.11136703073343583
0.15761530463031787,0.2377617289458607,0.22708248915987803,0.1473046168762796,0.12216546221578323,0.10807039817188055
0.11727026322624716,0.21711486611842445,0.2733206261710924,0.17622208587597304,0.06475426902115262,0.15131788958711037
0.107542071621872,0.1201713321777638,0.28599421818076604,0.2598972865605401,0.028819117440235516,0.19757597401882246
0.19420844023847672,0.21596331118206108,0.18281274265940164,0.16752973686792988,0.09661148403878553,0.1428742850133451
0.10483975946208433,0.10360064461617007,0.19943128225469828,0.34143985859026915,0.04636435290520373,0.20432410217157454
0.15006267105449117,0.17564546441585885,0.24650200529599434,0.17053578066429204,0.1197164233175043,0.13753765525185913
0.2004143790589013,0.2595866443769459,0.2185974211824773,0.12707345530336073,0.08549966722232696,0.10882843285598787
0.150886601470822,0.14965736849726285,0.2171671469335073,0.23451005193941804,0.06427192221277017,0.1835069089462197
0.17761282151288832,0.17213429577807995,0.29690605497469785,0.16075328779571235,0.06349529889069225,0.12909824104792914
0.13177922395550007,0.14323834193698734,0.20392758394353105,0.2743583440583413,0.04515447956862294,0.20154202653701725
0.14530286714624638,0.13089998961314897,0.20650869723973408,0.23921165810380693,0.08154770553825298,0.19652908235881064
0.16058890954539076,0.22254965746856414,0.19607314464326503,0.20419044363266564,0.07552865648097176,0.1410691882291427
0.2331363573932602,0.23246870403218411,0.15293248782720104,0.10390747096930489,0.17442745922961278,0.10312752054843699
0.18241398858703783,0.1973053619413907,0.2435010767148616,0.1656479288917604,0.10171914050493103,0.10941250336001852
0.11108977332158733,0.19495459819025956,0.25960911009031973,0.22670707382897518,0.040700420338637015,0.16693902423022122
0.20999920052719784,0.21552804913288878,0.18961073657086772,0.1560804751780234,0.08885316008889069,0.1399283785021315
0.18369163702274235,0.19551404697243144,0.3205986876298335,0.11633884759720209,0.09594364075740351,0.08791314002038723
0.19170240977307254,0.21506440542208957,0.15985670325321646,0.16660961727109505,0.07895488375537378,0.18781198052515263
0.10522590557334179,0.26545004005226003,0.2400575915296905,0.17916771846387053,0.06126398002875894,0.14883476435207835
0.13149818364813756,0.194078095843192,0.14847426356737073,0.17671070374295428,0.18587683335351757,0.1633619198448281
0.12529011352504676,0.19106173111291175,0.2208679710859684,0.1978666105565119,0.1140330173694175,0.15088055635014366
0.10849278565778403,0.16518386984787567,0.26344463268219454,0.2699585439088785,0.04755462845790892,0.1453655394453585
0.14622994481288384,0.34373321676360175,0.19743147195709718,0.14285612257603206,0.07018545749005277,0.09956378640033252
0.15158553903337735,0.14695082657152372,0.3750960360497864,0.19062670816842933,0.043327969538922546,0.09241292063796065
0.11958343496153538,0.14556242082766457,0.2065827636509731,0.19150911591344846,0.050374735599892924,0.2863875290464856
0.11649861085545034,0.10758372460149548,0.25761232854449134,0.2325098574056344,0.04726282342419175,0.23853265516873665
0.16933148316719462,0.2284441849601184,0.17500473595620553,0.15750838372539774,0.06748632943940484,0.20222488275167894
0.13091108167624566,0.20525906996673726,0.16188105196476718,0.22101218237986564,0.09765416149061644,0.1832824525217679
0.10046398557461393,0.12665818044923874,0.22051940638916423,0.30048175767403823,0.03570364515439704,0.21617302475854785
0.15799699672959447,0.13893028823856207,0.22665623207116425,0.21292599686446936,0.04516437619924968,0.2183261098969602
0.17377207979218276,0.15082839384846788,0.1727401216431184,0.23010091921225537,0.07643086765688045,0.19612761784709512
0.11923896213387924,0.1959183464508919,0.23836012427293224,0.22511581885948914,0.05473411856688214,0.1666326297159254
0.19945819595720532,0.17046388756640649,0.2519926727584179,0.21882592926385588,0.0582353386277032,0.1010239758264112
0.24119108038766499,0.2236607790586867,0.2064917193083661,0.1386161705856894,0.08460989579548303,0.1054303548641098
0.13870950688054057,0.3192088737746882,0.1748188015676899,0.19387026089498532,0.07131239324248766,0.10208016363960846
0.16473885456644802,0.17796114362431412,0.28429337755480105,0.2128323712374903,0.045652790116406314,0.11452146290054006
0.1371138010963337,0.13227575952277065,0.26061378896059256,0.27138652441046224,0.040002496820240055,0.15860762918960084
0.2385839334975593,0.2929102164550787,0.16363273313159918,0.13225951006406206,0.08883114104356138,0.08378246580813964
0.11158796134113466,0.09783891886716316,0.186346215899756,0.29510855261281677,0.02798247551771358,0.28113587576141585
0.12837259364022915,0.16986863853517836,0.2634162884995214,0.22462255534515044,0.04199836816509737,0.17172155581482315
0.13620039863314973,0.2142328643011155,0.1739598382823185,0.15380374054053617,0.16534789027321828,0.15645526796966194
0.19509081031975864,0.22500329936080313,0.1980014801465203,0.20852499293492652,0.06964191725735695,0.10373749998063465
0.10000672169415224,0.12843867458237557,0.1518574001645601,0.32485673664440856,0.06275894022786886,0.23208152668663465
0.16497583584750325,0.23300780039350588,0.18143053657404373,0.12582638709465513,0.11693386941195483,0.1778255706783373
0.13207149276710434,0.10673260128821707,0.34294795043350407,0.26850902634767926,0.04036930283062617,0.10936962633286915
0.19396079598278987,0.21421351022732477,0.17622498468503345,0.168871987731698,0.10163121566247127,0.1450975057106827
0.1782948641290845,0.199415257467622,0.18573039288055532,0.08156930886572376,0.27409957849773836,0.08089059815927606
0.1314330198164054,0.1835380485330724,0.17276217263449978,0.2346919483343027,0.08461454017381001,0.19296027050790965
0.13509330246083673,0.1845995640238792,0.20696464896418776,0.19699550586160108,0.1166307421233887,0.1597162365661065
0.10809152766991091,0.10705370651982482,0.16194086553035955,0.2810500880333717,0.03512861284645488,0.3067351994000782
0.20290232535407915,0.19226841848220613,0.23859850597738574,0.1677478269865542,0.10979247855775708,0.0886904446420178
0.1356418070346141,0.15868280170098864,0.16826739927078763,0.25791801808556947,0.05057096726755923,0.22891900664048098
0.17163816297456383,0.22101610035806302,0.20010546371791962,0.16847874234805252,0.12488018508015916,0.11388134552124196
0.13366186625549792,0.19348753212620182,0.16515687989726752,0.28180858102899253,0.05679817159041599,0.1690869691016241
0.19734148801026785,0.17003398140976972,0.262853311708402,0.14771450148227772,0.1232281447430921,0.09882857264619066
0.1747952745245105,0.19901439819863276,0.28953535854979146,0.17039241790087153,0.07689492446148008,0.08936762636471357
0.11727268488217762,0.1528254367325785,0.2265053853996436,0.23504575716056253,0.048664553113718846,0.21968618271131896
0.16572441504567773,0.16796954862089394,0.24158719045040172,0.1894836980951278,0.05747486617414443,0.1777602816137544
0.12214985159640623,0.12570189073664076,0.1836310187112061,0.22800749397233397,0.040869602304426426,0.29964014267898653
0.17479799050646455,0.3023112782457356,0.16391530496527992,0.11987560172185523,0.12119463657252282,0.11790518798814195
0.1374617285557226,0.13074418415824393,0.25797765394300515,0.18972499048786212,0.09305153182566311,0.19103991102950307
0.15473534713045992,0.1226153774252369,0.2118357900529788,0.27316821393177904,0.05258612467407074,0.18505914678547458
0.14199124800588162,0.1598530222798201,0.19108567824038888,0.2009875417568495,0.07139991196197912,0.2346825977550808
0.16897069501772105,0.19280244925398335,0.17090124138219584,0.21553709175035574,0.08028109123576685,0.17150743135997712
0.22248808947609125,0.18364620533288525,0.15296522434735127,0.13612074399837204,0.1413700951483834,0.16340964169691666
0.20274746784129502,0.18760654050014317,0.17199629473221975,0.1463347902550398,0.09535242074700151,0.19596248592430074
0.12628547616203467,0.18703555927031787,0.16161422378947204,0.24832058841506827,0.0611004436037386,0.21564370875936859
0.14167537537128858,0.17673069338732592,0.18171461118623053,0.22790348465752605,0.07998321909083848,0.1919926163067903
0.2152423531991209,0.24759791715900267,0.21596718981827703,0.13201633188003112,0.10754798864269806,0.08162821930087014
0.11795112981293861,0.1426788925346472,0.17344931739827882,0.23701903782946027,0.04134753587162631,0.2875540865530488
0.1748882824343951,0.32354425163431066,0.17900604437126408,0.14308101806145102,0.0914724621945592,0.08800794130401994
0.17158481090263145,0.13377340436186966,0.16479598009416363,0.2598122466579209,0.05115286738605582,0.21888069059735865
0.15628956567839591,0.17044987157264962,0.2809601158689574,0.16183618637783587,0.04906135546345734,0.18140290503870382
0.2500083122573082,0.1679404385831739,0.21326018339743533,0.1230340609359425,0.14002903766981756,0.10572796715632257
0.14909335832341042,0.22206942678944588,0.19118487036255105,0.192057075585913,0.09873255336327359,0.14686271557540598
0.1454723338517471,0.12910929549328323,0.20427909876625078,0.22074040902603748,0.0611448181616737,0.2392540447010079
0.16885496453931423,0.2507562605810345,0.18381182635240179,0.1493322067446489,0.1286199710095707,0.11862477077302983
0.21929852692210228,0.26746637973824267,0.15511976582633225,0.15011617416992293,0.07638896530391986,0.13161018803948013
0.1471620767317917,0.1429972253852508,0.247455547489877,0.2405082031768145,0.0520426199559946,0.1698343272602714
0.17626589936934856,0.3371365387258645,0.10284727297662725,0.14319902654221492,0.11120753212723904,0.12934373025870563
0.20995323753076436,0.17599696304070342,0.19614045004577138,0.14320324304925164,0.15155452961063268,0.12315157672287648
0.1771723712902631,0.19495799839466252,0.2260885144958452,0.1269173412488958,0.1599251125621656,0.11493866200816778
0.10502185175564961,0.1355012312861067,0.25035210210897424,0.2501404518949331,0.02866055723594784,0.2303238057183884
0.10074277618136647,0.13395364197697326,0.19269042366451272,0.2855113384078716,0.03879040480938199,0.24831141495989392
0.2017910178702855,0.22654051019160407,0.17427138347392593,0.14312103528177486,0.1557229738246072,0.0985530793578025
0.22025010152525026,0.2037597094504938,0.19996940149082743,0.17570727600377023,0.102300833931225,0.09801267759843339
0.09988425695705798,0.09535512081493348,0.22658169403308154,0.2699456031543536,0.026157615408286518,0.28207570963228684
0.08757894830219165,0.11056481140167582,0.21224256506367065,0.2746171430080576,0.045911166954038574,0.2690853652703657
0.23232731359450368,0.25639013841124275,0.20252141471823415,0.09449063277121449,0.13711441554976664,0.07715608495503842
0.18655274034990044,0.23400414403571865,0.1468283632334021,0.15844038268995134,0.08611027164744231,0.18806409804358507
0.18468344770056017,0.24706204283442482,0.15520266151596168,0.11357484106399134,0.14885051365601398,0.15062649322904806
0.21529734141806636,0.2911499770015975,0.15686794004362833,0.10220239740647111,0.1382410812200506,0.09624126291018612
0.10850570170701493,0.15672311299211586,0.2309427650510131,0.22972191079514856,0.056350119584902485,0.2177563898698051
0.13844576636980724,0.18206551622602277,0.3379820669891373,0.20434760915699368,0.03655274170892264,0.10060629954911643
0.18682682023711975,0.3148260396297443,0.12123771503726484,0.12120888419475813,0.12204480738244138,0.13385573351867158
0.15309833162675102,0.12143365481502447,0.17610180351893887,0.23011094311384683,0.03905302301291622,0.2802022439125226
0.22943801347057186,0.17064178172130406,0.2922018095911249,0.12597378044556465,0.08595817703709394,0.09578643773434053
0.18851881879885882,0.24321778432291688,0.17500243423198364,0.12628251466796275,0.17876856371605804,0.08820988426221976
0.16235355090066464,0.3290462847761287,0.14369971530771936,0.1311722003240961,0.10536312928409526,0.12836511940729586
0.2548967072910687,0.20508739141560464,0.19138941392729636,0.11991372384659926,0.11778989593779364,0.11092286758163732
0.1248864067824993,0.23214736591989976,0.24947682697934317,0.1924320466851076,0.05645843744904357,0.14459891618410667
0.12197400411166319,0.19594200033028197,0.1581411547859256,0.24823810021952217,0.0524527320207487,0.22325200853185828
0.13875831686229154,0.15197512600999774,0.1927371113855633,0.2344242130409995,0.044458590770743905,0.23764664193040394
0.12149810083073588,0.24039294509870646,0.1820848337416328,0.22146090391129716,0.08313730639955601,0.1514259100180717
0.15193336511986424,0.20865863013885774,0.22831964365775692,0.22503078641408397,0.051340829834454045,0.13471674483498308
0.0930686496483208,0.13792085952458366,0.1616579948684172,0.21536452753419458,0.05131851355703142,0.3406694548674523
0.14730296277403165,0.18199736276077763,0.20645266395715967,0.21593593774733918,0.049294354664725225,0.1990167180959667
0.19404383350662224,0.26541807958911356,0.1526490820787503,0.14040769886556537,0.1406090889497814,0.1068722170101671
0.09634712072782806,0.14729422892993124,0.24774238361753545,0.28699791036760713,0.028758399500101162,0.19285995685699692
0.22221459615448697,0.19641599797352438,0.22692045012380424,0.1259341680437387,0.06072661349454435,0.1677881742099013
0.1249694672276337,0.24561796552759257,0.19242915942322367,0.18193297438617337,0.0877481740687932,0.1673022593665834
0.13773017433126747,0.1997138004669681,0.19691572978078928,0.17453061293777872,0.08437320506012617,0.20673647742307047
0.10460563760903485,0.13724148118603033,0.19764147932365794,0.2570522745828614,0.06225343186489963,0.24120569543351586
0.11945768503833594,0.1382730207266202,0.2310279769479371,0.2449274662975271,0.042122037288134226,0.22419181370144536
0.18178937293745218,0.18975643873009462,0.2827486682348598,0.1448011325881791,0.09271701653827581,0.10818737097113848
0.2087726136947033,0.1256227872012815,0.24291817706596813,0.19873489034102398,0.08181402723444856,0.14213750446257453
0.12824609843458137,0.18521548861270434,0.14650116807996277,0.22089876945478135,0.05408892932040208,0.26504954609756803
0.13313358453776658,0.13413750160745805,0.2676968635593133,0.25022050284843683,0.04307182299375467,0.17173972445327063
0.11435995587311545,0.13100173800926096,0.18434673016222883,0.2931014777590064,0.03902524188493512,0.23816485631145318
0.16836203826423976,0.17159292962740297,0.2523282270253446,0.14954531135377827,0.1644146163238705,0.09375687740536391
0.13805554600182596,0.26116449462507135,0.1830832305300674,0.11737598105953612,0.21111727101238958,0.0892034767711096
0.1831296051544923,0.15294323714300337,0.22344434873167554,0.20922554452650857,0.06414503129589873,0.16711223314842152
0.1131322532643129,0.15969319575783245,0.2243534825349113,0.24760844891200337,0.07803669265360652,0.17717592687733355
0.16992612057824555,0.2468379614800116,0.1937270150994122,0.1488438818429934,0.08609943970767948,0.1545655812916578
0.13191958353831404,0.10849409441709382,0.16356927421012118,0.2638427061572962,0.04326363839825139,0.2889107032789233
0.1127233418375824,0.13686983830130545,0.23316608143203574,0.2841266734065482,0.05810741937820438,0.17500664564432386
0.11490040529609594,0.1133737048510628,0.30414174042034825,0.24644537473826125,0.04931484206623707,0.1718239326279947
0.16411741431694232,0.1833087204834662,0.19833286387000287,0.24802302450717265,0.04218904118259737,0.16402893563981857
0.19713522393864016,0.21482820370392905,0.26254856581325625,0.16574180633332614,0.05891036052569973,0.10083583968514882
0.21690864849599983,0.16123446042476433,0.2499907423424489,0.15270696741032835,0.07732982317128383,0.14182935815517458
0.12351600491834681,0.15967098963780368,0.24888806015872994,0.21022097348893018,0.10446147721712754,0.15324249457906172
0.14143491860527668,0.34592029136359587,0.17276393393827102,0.13375999623954016,0.09389480537147266,0.1122260544818435
0.11058912984158352,0.10013204251889674,0.21649564132549287,0.25957910632179015,0.03246653482493076,0.280737545167306
0.12496275257552705,0.21291605952651357,0.18385130914562584,0.18783112987062808,0.07814980904631653,0.21228893983538885
0.20165352739087897,0.17476012563454096,0.22419179617747448,0.18751761670424277,0.060197051839932236,0.15167988225293055
0.18193814116244958,0.17590031650012633,0.21590486600374195,0.20247760232410278,0.07758175238880695,0.14619732162077234
0.22828063963276496,0.20125637166314714,0.1945265343319686,0.12968565419258182,0.1636332398674099,0.08261756031212762
0.17997785841287442,0.20192214126807959,0.18105164148642083,0.2042449556031794,0.08678390455644706,0.14601949867299868
0.10753080544689718,0.13350944345315294,0.1705330222084098,0.27995750845505657,0.07737696417097158,0.2310922562655118
0.18304083966920376,0.197383208745744,0.2728578320675782,0.12740790312743788,0.10339296316536511,0.11591725322467093
