0,1,2,3,4,5
0.14792829977731312,0.18207764042972013,0.2182691480979801,0.22416882067925734,0.06612872492867101,0.16142736608705838
0.15810507864157344,0.21014862644675616,0.27283281118992553,0.14825474553580123,0.05789380188390211,0.15276493630204158
0.15447881375573988,0.2344713674231049,0.12775078227472408,0.10768274325042414,0.19926309017657506,0.17635320311943195
0.2845197596522592,0.24834214756089917,0.2239912463880574,0.09507882755852597,0.07297980663365669,0.07508821220660161
0.22419992453091678,0.22135286249211886,0.1855140363141235,0.15229652422684092,0.0913036366250143,0.12533301581098563
0.10592468466306246,0.16041071106373492,0.1969665698015595,0.2353707691477014,0.038115597095420325,0.26321166822852143
0.17079791468349909,0.1578443333559046,0.21564411567738478,0.1994617833582486,0.04345591083861761,0.2127959420863453
0.20253999737217776,0.2744400259248561,0.22248932006098615,0.13464707000706785,0.10258222924019132,0.06330135739472084
0.20446263987158586,0.21064649818740727,0.17802863518354362,0.19018508400810627,0.06874721443038567,0.1479299283189713
0.17763568142409816,0.14222005979114954,0.19112342764980403,0.25157898707813575,0.04139472680588932,0.19604711725092325
0.13335492570115598,0.1429015764846296,0.22433328583569034,0.19321698934220327,0.07470330652300099,0.23148991611331984
0.2482903766773943,0.17895054339617258,0.17406172986662846,0.16594634390052165,0.10597113794145434,0.12677986821782863
0.1212433483983785,0.21832592035962525,0.15255905290624683,0.2009769106914623,0.10449922124581963,0.2023955463984675
0.120299721602267,0.21490651256870588,0.17811909264209708,0.221834530125489,0.08467007052204509,0.18017007253939585
0.15038441374232364,0.29735544548327375,0.12844023085484746,0.14646612893641706,0.08883250550465446,0.18852127547848357
0.11711172107930527,0.11401626891941825,0.22011711550577936,0.24800271818843053,0.04024512471189205,0.26050705159517457
0.10825368453051762,0.1774305561063411,0.13969546426456175,0.23420211616858852,0.08917953722378799,0.251238641706203
0.1267525694598426,0.16028327259195196,0.29262364624145243,0.19893561886709923,0.056393715366225144,0.1650111774734286
0.12704229608989656,0.15227233360267559,0.2434548975551981,0.1650131160631211,0.05461567362700147,0.2576016830621071
0.19243455191476014,0.20611707870521828,0.21731578123917894,0.2023447181177733,0.06311704387247935,0.1186708261505901
0.15185174482060146,0.2641458042505602,0.1558749596595228,0.1097198253812969,0.11594006157056488,0.2024676043174537
0.17132222369219838,0.14503350337081214,0.1438610721622675,0.17604141694453032,0.14782423644961915,0.21591754738057242
0.09038486605893149,0.19620771563193654,0.16480911018362088,0.2861633887859033,0.0480705180455275,0.21436440129408038
0.07253644277707787,0.13624780653545066,0.21744606585497603,0.3357809383047579,0.031415013410356386,0.2065737331173812
0.13831993506298604,0.2941906977902794,0.18654889989793252,0.14924411952572092,0.12418838428877324,0.10750796343430781
0.1197065555836271,0.14201289053775945,0.1791875509786439,0.24409819564521718,0.05036783519693691,0.26462697205781555
0.20046678495878192,0.2627905567569165,0.16446785883084988,0.11610417937281341,0.12375874639111982,0.13241187368951857
0.28603377750073333,0.17993479604285667,0.296792377376742,0.13179916891521903,0.047663133139035384,0.05777674702541356
0.2811812652894406,0.18884338775764567,0.21120020526472588,0.10602793573521747,0.122868970930141,0.0898782350228294
0.08960944506024988,0.10348812007438936,0.23014894314952153,0.2932089630094223,0.03776265821284399,0.2457818704935731
0.12231082190981547,0.27488980113469963,0.12377748121047137,0.15964660266629532,0.08696063473746946,0.23241465834124875
0.2003958204596739,0.2442945355617676,0.13364627568068876,0.18217689286516278,0.09346708906987701,0.14601938636282996
0.18549899220080743,0.36428138149118355,0.1044183405208379,0.09056461041327599,0.11364428003440677,0.14159239533948814
0.1293658624063958,0.16711927210467867,0.2141934236835261,0.21274738075384217,0.032217158469182806,0.24435690258237455
0.07202682543118308,0.1474051263007779,0.22722066951535524,0.3198989223214633,0.037630781643801986,0.19581767478741857
0.2045481756436771,0.21939454261261063,0.2063175980715732,0.16165978843098186,0.09898756615066988,0.10909232909048729
0.24241876494293324,0.21842926761937198,0.2313568316754526,0.1275788844599536,0.06728700929359283,0.1129292420086957
0.17820852173266236,0.24108201230091095,0.24638007006308166,0.09293317667081444,0.10844579438400517,0.13295042484852532
0.2542557738837727,0.2472006205552207,0.2101564970719595,0.12495488533919312,0.09499332078551634,0.06843890236433761
0.13775175330851985,0.1019746040031937,0.17943522303966158,0.3284145168176884,0.029601733220260294,0.2228221696106761
0.13573241179943835,0.4115305717972114,0.12255771537353871,0.13677760211909998,0.0735706886675237,0.11983101024318792
0.20934273359038186,0.17694381463923517,0.22491924791264423,0.10446959080029837,0.20996316015313776,0.07436145290430249
0.23102568059210532,0.16986769392477974,0.2178178734320984,0.16981068657483792,0.07802528070945573,0.13345278476672293
0.18766333326042853,0.1648511892727824,0.2579404010939695,0.1653008973383369,0.09021597757078188,0.13402820146370076
0.24133222890528627,0.18465114979006028,0.1693918032727206,0.14465619986978154,0.07709565118525294,0.18287296697689845
0.1539856806357184,0.1769930836288213,0.1984723580233308,0.2809366378674313,0.03742818090970659,0.15218405893499165
0.21714563543310358,0.24961569845250217,0.19803471478944473,0.14410498386760257,0.07729090362481988,0.11380806383252708
0.15986952446328037,0.14569647710448566,0.19703265249998306,0.29061976117291255,0.038945922707094655,0.16783566205224368
0.17361043475272564,0.2535864359440503,0.17734992024228088,0.20045085879658575,0.05506659077727407,0.1399357594870833
0.17414329609896534,0.24828550785616987,0.22759113444062654,0.12157315072364716,0.09652335600468687,0.1318835548759044
0.23984619509898533,0.21736585990969215,0.21499275996993905,0.1597379424249305,0.04465857591561423,0.12339866668083864
0.18854699713977557,0.3042144298303164,0.18172878340272042,0.11352055821487986,0.1409866249455323,0.07100260646677563
0.1447514552160409,0.12907593489670938,0.1467391567127392,0.26178754043353897,0.06035293257134621,0.2572929801696253
0.13493135726682856,0.12413173897507403,0.20407017165016558,0.2198982356070997,0.03731058611671126,0.2796579103841208
0.1497382956792974,0.1532211066851681,0.19364843799654788,0.2825164607949436,0.057122579926134905,0.1637531189179082
0.252987206750494,0.13564794715574754,0.27076245228254453,0.1733676560937415,0.060480395010714436,0.10675434270675799
0.1640992239002007,0.3097826569053226,0.26124727922420315,0.13771550963287588,0.059217307122201725,0.06793802321519601
0.16090840649734342,0.16814584924013234,0.2219262433081185,0.14846805205132482,0.08524081230387302,0.21531063659920788
0.2104532272897892,0.2027877499913456,0.184025854185603,0.1419716711507253,0.09476924864172566,0.1659922487408113
0.1268532618202898,0.12440620740645342,0.207778957115988,0.28464964615333577,0.05426104179289926,0.2020508857110337
0.2346578533560184,0.21923737650848926,0.21942943341107488,0.1299218864374774,0.09567110337815403,0.10108234690878612
0.17562535705080376,0.29773354135598895,0.16384868141220876,0.1252077509945347,0.12176953103093978,0.11581513815552404
0.1891526681132383,0.26164327629870743,0.1286388012698641,0.15882271565485906,0.09492773817661303,0.166814800486718
0.22524601418619988,0.24454855302645642,0.17321069502966305,0.1384898122080142,0.1080868244425749,0.11041810110709145
0.15227347225359167,0.1982272568799514,0.28110229574553486,0.18464358697362135,0.05656256512655933,0.1271908230207414
0.21213382493050217,0.16058843724292024,0.2437744195211801,0.1951126642603262,0.04309469722930926,0.14529595681576193
0.22315577200943396,0.167614911099261,0.22758285095837336,0.19084927855826078,0.09516828298818268,0.09562890438648812
0.18677296329723855,0.18923926032089636,0.1760914655094696,0.18933269256253873,0.044073146070009714,0.21449047223984702
0.14344249389634509,0.25717367412492437,0.17241572255550885,0.10319648936581659,0.10004956131317005,0.22372205874423512
0.07950489900921122,0.07664072408039925,0.2147893741254228,0.37881281865882166,0.02538629089219409,0.22486589323395104
0.12945400327336046,0.16671435575034388,0.17572063271078012,0.28099438969251406,0.05307293345713476,0.19404368511586673
0.19642783328540925,0.1600864558921715,0.2172427988972439,0.18085142583768726,0.09697045606532359,0.1484210300221646
0.15392903145551406,0.2505995884219776,0.1634482357086071,0.16184942016370837,0.1119794308107813,0.15819429343941152
0.1287293558112345,0.135777134183946,0.24492855639661928,0.2358361986190913,0.0359069964193958,0.21882175856971314
0.27318285921094165,0.22690754850693348,0.1719456080119301,0.14267553595118107,0.0947735092846448,0.09051493903436898
0.1189921440144101,0.1877443547128413,0.23783487343248644,0.2692540348962496,0.051473148447154185,0.1347014444968585
0.1802570204218287,0.203904643412252,0.18462521095326695,0.19471909516553332,0.07066702815330166,0.1658270018938174
0.1565053465339848,0.23023615706751982,0.14130371567637579,0.1668628144349466,0.1674601519406637,0.1376318143465094
0.16326680301157173,0.1308970163957014,0.3127279358186199,0.2331826676341778,0.03923223959806977,0.12069333754185928
0.20182140648515898,0.22736095482690885,0.1854950660984079,0.16360899854420932,0.11034211284742612,0.1113714611978888
0.11407361829933828,0.10101441773351015,0.2618937686417677,0.3141187293988377,0.03479458191829108,0.17410488400825494
0.13984595460130583,0.19131392141632367,0.14878013168141568,0.23464760582655153,0.06377700115858702,0.2216353853158163
0.10429910663585472,0.1262995917592419,0.20539390279401998,0.35265828426899093,0.02570438872378634,0.18564472581810615
0.2616119422625023,0.23768132890042779,0.11069260364613305,0.07844414955568861,0.1583099080396205,0.15326006759562774
0.19640010097088928,0.2079760682013616,0.21910087720564636,0.19638183377473079,0.05563502544679906,0.124506094400573
0.1024619611494313,0.13132032478748074,0.155993991769126,0.2799831207684952,0.04608586546591018,0.2841547360595566
0.16890505268536046,0.19095389616291447,0.29055983954564507,0.20203029042228893,0.041758275389870154,0.10579264579392081
0.16645444753053332,0.18166840427122466,0.1802615582842381,0.182592930191157,0.10293724469736168,0.1860854150254852
0.18085107693525262,0.18243432621903455,0.22192790255232542,0.13478096182412916,0.08958610311128237,0.1904196293579759
0.20022801189999662,0.18894345628692769,0.2419606573029455,0.16409783995958824,0.07466455745969257,0.13010547709084938
0.25759449229920683,0.17738355396134425,0.24738985568775343,0.17894364964702733,0.05982099646001379,0.07886745194465442
0.18219474295626648,0.24910552277329098,0.14011194954602044,0.1504497856260519,0.09874271709555808,0.17939528200281193
0.13789779517252643,0.16357201289162177,0.1940603693177081,0.27427186251121743,0.04981592090796089,0.18038203919896528
0.16169878695562565,0.24248491924663387,0.2562154702233329,0.134163368553362,0.10828188831977115,0.09715556670127445
0.1444363040968012,0.16683539618336402,0.20850821945628062,0.20057782397330773,0.05005576010699306,0.22958649618325352
0.12386999346355229,0.1743975592062191,0.26869156633395064,0.2447180618575763,0.04746306560622991,0.1408597535324717
0.1270759233627949,0.22907330208647936,0.12459818633698919,0.2106410906998257,0.05935492169443562,0.24925657581947502
0.1546765193645837,0.1219203744856323,0.25094288065661546,0.23343779229041645,0.04304848121353917,0.19597395198921289
0.10957233551114243,0.10155243078384918,0.2154844101937066,0.311187350217839,0.037512097138460834,0.2246913761550019
0.21387681333867184,0.19065379708681982,0.22184902470542642,0.14472412003866486,0.1230008456861567,0.10589539914426031
0.10528736257865702,0.14709568639557896,0.1978317548538653,0.24314666915700303,0.04773228246626305,0.2589062445486326
0.2358681441537648,0.10902526806367863,0.23436078156150214,0.20653986531190288,0.05332901960642012,0.16087692130273146
0.13576668070545533,0.12533761650025416,0.2280737113011514,0.34639578502457924,0.028337585331129175,0.1360886211374308
0.1767322351475336,0.20666539662766364,0.30015428105628367,0.14093644682176862,0.07415804164747235,0.10135359869927812
0.15901594100560767,0.2135356208514722,0.18111120506389672,0.16239775574149767,0.14405564525109407,0.13988383208643157
0.14178913898281648,0.28631657757309503,0.15742114105440758,0.13874866318670495,0.1354817262674934,0.14024275293548252
0.2051428692691678,0.22377836466118542,0.1944102757940925,0.1446688801205644,0.1260236686631414,0.1059759414918485
0.09650663064453263,0.1305704857476153,0.20270150147879246,0.3045328067133082,0.022083942111110127,0.24360463330464138
0.15930113977327456,0.17106106387898545,0.22183884361340017,0.20305224294812718,0.05875045448309194,0.1859962553031207
0.16585370700703386,0.17076970703310965,0.18083067840313682,0.10425969772740609,0.2622249103856339,0.11606129944367972
0.21231843888908492,0.1885377897351538,0.2982663120803315,0.13113304704144269,0.0745541459582952,0.09519026629569195
0.12415064228792097,0.2990276309289186,0.14161671419723335,0.11727496576348072,0.10646846497464964,0.2114615818477966
0.13885661330262725,0.24381469514315657,0.21815177754359413,0.11369243163970387,0.19089749587101745,0.09458698649990073
0.20577753054298809,0.1531545664837389,0.278094932813218,0.1630533648987725,0.06546363116128626,0.13445597409999627
0.1944941009862011,0.24867009036062865,0.14854885102782933,0.16283937421797143,0.11485299898102742,0.13059458442634214
0.12348345594059282,0.12821391716284153,0.2636166746212518,0.25229774147210443,0.02010986184093789,0.2122783489622716
0.12761029787682385,0.2227115576295929,0.17821938419543537,0.1879150741388773,0.05766954934336415,0.2258741368159065
0.1709946342343629,0.1569246850298644,0.14695156117346161,0.2275060882692873,0.0680560026949153,0.22956702859810843
0.19912110905576105,0.16708074853668436,0.2217959976842815,0.18429336291814985,0.08238468710016399,0.14532409470495933
0.24950358197891254,0.21907255464369482,0.2587825335014983,0.14571290866315809,0.054850931226089236,0.07207748998664712
0.1884371884713257,0.20025404069038213,0.1801823007223705,0.1942409484221268,0.11418649696453477,0.12269902472926004
0.15547995354596555,0.22347964384159005,0.24272330426891445,0.19317498971665412,0.03922575015012077,0.1459163584767552
0.14119916078528802,0.17662629592764764,0.20038863276672436,0.22573403068264755,0.07027524614397311,0.1857766336937194
0.21519925727376005,0.24167020611820225,0.17583579233777988,0.09857151236272849,0.18285487347359003,0.08586835843393918
0.16139639954751545,0.22520995079297346,0.262580389316097,0.20128438617921607,0.046647477081577265,0.10288139708262083
0.13568876937589486,0.3504986975509544,0.16875572039350234,0.13464763868335955,0.07475756813471378,0.1356516058615751
0.1699730949311717,0.32310183993078695,0.1924441031919239,0.12250210478436815,0.06533707580982775,0.12664178135192156
0.17972893138691085,0.19554166373155013,0.1612857266418376,0.15130708548320732,0.13604477490243586,0.17609181785405828
0.16379011712248656,0.2622380850876393,0.15678684119612987,0.11196949003665937,0.1367953814907383,0.1684200850663466
0.16381056034950892,0.1823747155698296,0.2997089397717937,0.17223168379045636,0.04974743685179197,0.1321266636666194
0.2208445234244314,0.20004683028312703,0.21067563126766828,0.12674127167829133,0.12586381673204255,0.11582792661443923
0.1424672021488587,0.2729472037759718,0.12606735450075454,0.12742318353191365,0.19176163514756267,0.1393334208949386
0.11799972660310315,0.15859367873492616,0.1616235149745742,0.1678004187042768,0.14408869574827865,0.24989396523484086
0.28111641318620595,0.2727176246799924,0.14641320319214565,0.09199197609835111,0.12774120333887157,0.08001957950443339
0.1712097418639527,0.22213152049381954,0.16603700849140587,0.16173362320109638,0.0583092332390787,0.22057887271064675
0.24023334162551363,0.17807192668896865,0.17619497578366472,0.16609057235838423,0.10329200756316861,0.1361171759803
0.1881644245711302,0.23361298476149436,0.11972123559613797,0.12861529080143347,0.19372630512578137,0.13615975914402262
0.15721360586917893,0.18272161711925333,0.189066981561308,0.16443731104831583,0.12168655844358577,0.18487392595835817
0.175874985055042,0.22099945604725224,0.14734719227623544,0.16615921575125794,0.1405834949549683,0.1490356559152441
0.22289694206267066,0.19538951984523598,0.22904835712925534,0.12001713404914029,0.1105516946478486,0.12209635226584911
0.18721744682038965,0.17920390062041916,0.1805485439252727,0.23489679312109282,0.06728604207314985,0.15084727343967586
0.13352185892635698,0.3054605408745662,0.12247280321397341,0.1265181017187117,0.12033269384353079,0.19169400142286092
0.14540445855359443,0.20732687966992566,0.1802843524755798,0.23014457383432987,0.09143414552123967,0.14540558994533054
0.17774702576737963,0.1677003657877288,0.19899896578796886,0.1731326903266813,0.06368802494972897,0.21873292738051262
0.11893811763102881,0.34818304043253107,0.17930358638507704,0.153768381194638,0.08825804631881028,0.11154882803791487
0.1359911219002773,0.16883323267086411,0.23186464958041011,0.2122072174118406,0.04717635231416179,0.20392742612244597
0.16829391910924807,0.1612076445581079,0.27513852138828854,0.15087966513777912,0.09518193565905773,0.14929831414751865
0.16383398713874203,0.23986120276763356,0.2656528357667564,0.16742054586728392,0.057676374027383216,0.10555505443220088
0.19051076866325697,0.2743069592056711,0.19201003577577241,0.142061478867881,0.07027181421313235,0.13083894327428613
0.17312021049880486,0.23005837827982084,0.2284715519974873,0.17109232204238795,0.07758213782901484,0.11967539935248421
0.21005481089513198,0.19179841877771311,0.19631317058134584,0.1203446284280428,0.13066671284017,0.1508222584775963
0.13063639992052317,0.1605556306681878,0.29302051518835937,0.23400078026492888,0.026858778739395288,0.15492789521860545
0.18204392960290106,0.21559449929012975,0.14752368376373629,0.22668804052741356,0.11284024659664565,0.11530960021917355
0.060048624011174515,0.09167222620921082,0.17166900361772475,0.3746317506511539,0.028634302717494554,0.27334409279324157
0.16368467303014236,0.3096849611485718,0.19184579407208532,0.14550086669643011,0.08275408024087835,0.10652962481189222
0.14047922391759715,0.2439745228301971,0.15166025571933878,0.20996261313464534,0.05840005513943279,0.19552332925878896
0.19754209506469717,0.25912455235081483,0.16022857562578216,0.09429522119827125,0.15591240762569938,0.1328971481347353
0.10011793193673368,0.11443801015778675,0.18240933710407026,0.4143636106007999,0.04242212171634944,0.14624898848426
0.2551206544918732,0.16156267985505454,0.2303442488163652,0.11592300377264415,0.15527167355473837,0.08177773950932449
0.07868353522880821,0.15051098917860314,0.14120365805067578,0.2672909378494434,0.024141859880879128,0.3381690198115904
0.12302356361918318,0.21120312176938602,0.1720552192988844,0.23376925662198414,0.06407453266031281,0.19587430603024952
0.10609012175780289,0.09886673173159356,0.23360687925870305,0.2651383977347844,0.03690880679669641,0.2593890627204196
0.22189408140935474,0.13843835368311347,0.2185703805482861,0.16926721653656945,0.11470578184232852,0.13712418598034792
0.12349218949748159,0.20300779568597377,0.20705826095809496,0.25161786016517323,0.042149854072472855,0.1726740396208036
0.09865773451843433,0.24430201130199977,0.1447354626792992,0.19519214820890424,0.05516341128575378,0.26194923200560877
0.16712657322620453,0.27756755927263554,0.11524862433996483,0.15538776276784266,0.12375243033506116,0.16091705005829138
0.19157477549566468,0.16482299384386032,0.19660062483874086,0.2491369847528392,0.08571279965906843,0.11215182140982646
0.10347867962148348,0.13230856799966884,0.14152116118676636,0.23948114905404683,0.03706651515083046,0.346143926987204
0.14857456419752788,0.24411537891163845,0.1908127437290793,0.11751807387342501,0.11301131288528182,0.18596792640304757
0.21784942270866126,0.18429338479820154,0.22849712656540117,0.19382340458854805,0.055810050349015844,0.11972661099017215
0.08481351913163686,0.12457510503471292,0.26452675723227326,0.2705628190863913,0.03788719108975391,0.2176346084252318
0.17731183766185368,0.27016600463022034,0.17371682103338942,0.18590376995709243,0.05589659578906284,0.13700497092838124
0.10212067337774342,0.12911449334754416,0.18139509055417008,0.3083429103716629,0.019769714084472836,0.25925711826440656
0.1655726725587825,0.23525872834330586,0.20867724013605995,0.2015799667756696,0.04501966760499517,0.14389172458118688
0.13451623234516014,0.17416884235002733,0.2929662050042947,0.1563381961497242,0.03582443824922747,0.20618608590156612
0.09220107525924193,0.1583588255352809,0.17685178214084715,0.28062967410262235,0.05776199944271031,0.2341966435192973
0.1753828677600491,0.21156862475310934,0.317067184416216,0.1400438677905142,0.051101092049418165,0.10483636323069306
0.15736627994458624,0.1670702955193855,0.13625909798622027,0.1846508360565561,0.1639549318341918,0.19069855865906005
0.16494752918184363,0.19094190213508602,0.2506826801549732,0.20488405155216521,0.056697371611548836,0.13184646536438321
0.16446042587209156,0.227670127494723,0.1677434526811166,0.16934859129768728,0.07906890979622358,0.1917084928581581
0.1644566116892358,0.14380343355930975,0.2125797142873983,0.2321372698064239,0.06683870777334179,0.1801842628842905
0.11795082024968075,0.1424846009250276,0.26904193835777396,0.28878322566246756,0.026789311677607244,0.15495010312744284
0.12670524141949055,0.22115946268063938,0.19084221492709336,0.18746580514981062,0.06184423129580428,0.21198304452716196
0.12270272464606344,0.17418182598852797,0.19693078221608296,0.19396927044756618,0.09016283617576712,0.22205256052599237
0.19214633597860167,0.17510232245715995,0.22601991929385243,0.15432424382974813,0.10967908057755357,0.14272809786308432
0.20155678652568398,0.15807981015303216,0.19564046923051032,0.18746264898276738,0.07850749278791053,0.17875279232009553
0.24541147259769758,0.2541252406430162,0.1996669800534529,0.12122668698094648,0.103857042379423,0.07571257734546373
0.09828560074117715,0.1397077580914158,0.2459291779871148,0.27913613893780115,0.026352263213380456,0.21058906102911062
0.11801547863332935,0.1800445402925339,0.24722318892981598,0.19624710499385026,0.07851031600581394,0.17995937114465674
0.1950386990257989,0.24237387626627024,0.17046109396196799,0.18039183446376844,0.09743032063654293,0.11430417564565128
0.07630059165731715,0.16194304026285428,0.1802690391255294,0.2520147360756182,0.045986371661877475,0.28348622121680345
0.07255016731811713,0.11448112240964886,0.20618885470652182,0.2945706447711337,0.03405896819997373,0.27815024259460486
0.12117192965617618,0.24611863960789016,0.12911781452738894,0.16168985914429823,0.13256417186088248,0.20933758520336393
0.18292129866789258,0.2090911285859718,0.2371875205241694,0.1677744441778331,0.07147221962049663,0.13155338842363645
0.17785322734263376,0.18936864275913037,0.18053551289290407,0.17521477987577913,0.11922105491290277,0.15780678221664982
0.1302272980888325,0.1452056102934397,0.21451184826769673,0.18226339000881345,0.06828682958818487,0.2595050237530328
0.14673336013505622,0.201298338531209,0.16352157360253397,0.13127599286059907,0.2665548906965493,0.09061584417405244
0.23869600208029013,0.20164333160695275,0.1915686196773114,0.1309679373012425,0.14150865416109065,0.0956154551731125
0.10725454593605632,0.20664335910371065,0.19845649175253846,0.2542943711767729,0.03288373070511535,0.20046750132580626
0.07778219234570874,0.09130142041098101,0.24628993053870726,0.29957961950123874,0.03859674568069795,0.24645009152266617
0.2506582260663067,0.14344378833896554,0.22117249530504035,0.16738143262054145,0.12176227591376591,0.0955817817553801
0.17005634822292395,0.22193000986717432,0.22252452365609032,0.1654449907872786,0.08614608243259164,0.13389804503394115
0.11044550547132063,0.2071227292477929,0.2622770987647705,0.2377547528390766,0.05200430218940004,0.13039561148763923
0.24071289912711355,0.20144576736108222,0.25064669775289694,0.10600830297216896,0.0957370450413462,0.10544928774539214
0.1783940541800365,0.16085441874200385,0.24063015049324832,0.19118736580647638,0.0861103502415616,0.1428236605366732
0.16094989760417083,0.19441979107407548,0.3349216159506806,0.11178989793000167,0.07650304590242696,0.12141575153864449
0.1848397633786295,0.1584078416541186,0.19764414393000207,0.20054365150239717,0.07129709619852133,0.1872675033363313
0.11051847307899487,0.11894445589614988,0.1993881317323558,0.31133810309913745,0.042615343583152256,0.21719549261020973
0.15053970080925133,0.20026936498191406,0.15012707519949972,0.23611632412251082,0.08579554521698965,0.17715198966983456
0.19522060094235322,0.27837413696449126,0.14879972345965875,0.09894834554361596,0.14444766704777903,0.13420952604210196
0.1532659881562106,0.21552554121672526,0.2108182641675528,0.20070170160666925,0.07364791546878108,0.14604058938406117
0.15508936450146857,0.19307693083541028,0.20780863159349988,0.18901332934084777,0.10613750417480258,0.14887423955397078
0.26820682551812614,0.20237233013669215,0.1989644083328099,0.14942820438970897,0.08151332807691569,0.09951490354574725
0.18230679133367297,0.19475330030055196,0.22050380363661853,0.1541530199370459,0.13218837427912394,0.11609471051298687
0.16858023253797344,0.2514377503596106,0.24961723312098483,0.16495943102241714,0.04831672535094116,0.11708862760807272
0.09480328960919089,0.22363240095457718,0.19584399091634982,0.2061346423177447,0.059613586383538426,0.21997208981859892
0.15777235439729045,0.27287346061281004,0.20600832265581714,0.1217183392955643,0.15309009322165373,0.08853742981686444
0.12731803155677926,0.25235804182419175,0.144779824874422,0.20255965584558164,0.11907812398982939,0.15390632190919606
0.12585576485172792,0.152368475849979,0.2792713433235525,0.23445950913762958,0.05929007079810781,0.14875483603900316
0.1794930542542705,0.31700292269600616,0.24621693663895888,0.1273145539978916,0.04542561559708805,0.08454691681578487
0.2110737108811302,0.12733800072903453,0.22663278111315743,0.2466360266341652,0.04328564138062968,0.14503383926188282
0.10578041746760938,0.15266236612163683,0.23128508762483974,0.15307624336386288,0.10587398597723546,0.2513218994448157
0.12984045354929274,0.1601573447124686,0.2397139839010448,0.16170214037652295,0.061314113602459364,0.24727196385821165
0.2900989973453672,0.275439264314866,0.18119421767249566,0.1313921798999509,0.05408156263481173,0.06779377813250859
0.10344594807189748,0.19345631029695415,0.18745404353118253,0.20923459572631742,0.10036026993615121,0.2060488324374971
0.08816615198493877,0.08084613663482916,0.20634028855309722,0.3714870376169216,0.025436891089998942,0.22772349412021423
0.10513276214926975,0.0886039716564239,0.23053418416201746,0.2552974890831266,0.05568454550900228,0.2647470474401599
0.16724940602362157,0.17738959199440985,0.24559190587823584,0.16788378611149724,0.07302987756405213,0.16885543242818327
0.1133552075574882,0.15820223956837015,0.1965825896362464,0.22594096468383346,0.05155854588028901,0.2543604526737728
0.12847008274271096,0.14894902095280993,0.20739378417307175,0.2342444373221582,0.06555449063717238,0.21538818417207684
0.23628562954238247,0.21651797468871276,0.19491610082136476,0.16031589719754133,0.08121164715408488,0.11075275059591372
0.22102585795769147,0.2320014741109901,0.19556832250814768,0.15042730241684807,0.04390199294852251,0.15707505005780006
0.16752636121498812,0.18913892430110646,0.32561222244591,0.18183553566694777,0.035740988191089215,0.10014596817995856
0.11824234669040284,0.1668923552040762,0.32768190829615584,0.15906248231256814,0.04603672457196021,0.18208418292483672
0.23672385661030382,0.15274577490491187,0.2025101783089429,0.1693937878578415,0.13616447502973542,0.10246192728826445
0.10361614969581477,0.11050935006058651,0.31050984858262953,0.23434316219678328,0.03029095411180167,0.2107305353523843
0.162379046471029,0.21028389555427868,0.3236073821913657,0.1566055671870773,0.05145666757280296,0.09566744102344626
0.14995250103887073,0.2779504323459322,0.1273298235288454,0.1411422702998454,0.1389771710317291,0.1646478017547771
0.18061583179464016,0.26218011417259224,0.17676738640906522,0.15880109205050635,0.08991724179833095,0.13171833377486517
0.1371203442923799,0.2254166828294294,0.1541890183534119,0.20944805135704417,0.09861739141511246,0.17520851175262217
0.1976415728047135,0.2050029384811149,0.19067725983886458,0.1652729098171981,0.09755675111365603,0.14384856794445292
0.18486270954965037,0.15173420793165618,0.25841625453964745,0.2501384260083601,0.045740555223705806,0.10910784674698
0.18857428009405042,0.19637257873287883,0.19799993667522622,0.21159309328443698,0.1183432850995309,0.08711682611387665
0.1714038079732426,0.27447487547409916,0.14620348552601398,0.09164160780184902,0.23493250074155556,0.08134372248323977
0.12357533676198712,0.17991144529291733,0.19040803763924866,0.17526711427726266,0.08030247808252669,0.25053558794605746
0.15246889753251866,0.15876975602614668,0.22380724932478338,0.17794469688822687,0.0917227666313201,0.19528663359700443
0.1285096759771421,0.12320144165328384,0.21763084078241898,0.25362392344211393,0.07039441400287956,0.20663970414216168
0.17634032015561135,0.21943848356011283,0.24400826998460454,0.15079723129873346,0.10526670643356535,0.10414898856737251
0.1604259182342016,0.13765359899278545,0.24695285818516055,0.2152604549728673,0.04977142888413991,0.18993574073084507
0.24757610565544308,0.18191860029406015,0.16034436682204647,0.13280037413408052,0.17553002340313048,0.10183052969123928
0.08945223189840695,0.1544950498340258,0.16478289460104364,0.28394058192886845,0.02531528340752174,0.28201395833013343
0.23458138591647099,0.20051804759137098,0.2214930615648869,0.171140529153419,0.07103238769362284,0.10123458808022925
0.18633444519554418,0.21110103652373344,0.23134738027556667,0.1591256554152326,0.11661960374101875,0.09547187884890442
0.13680671984315754,0.15934923861365244,0.21484469570741638,0.21344837380269394,0.04532829406707871,0.23022267796600115
0.13044931013738123,0.1521634866350193,0.24246794980469813,0.25826191467520593,0.06578850024268454,0.1508688385050109
0.12534965354356195,0.13177234941905908,0.2284089113405291,0.19978789361617294,0.07761740879409235,0.2370637832865846
0.16227724775920982,0.2720501739154382,0.18983406592788363,0.1275061080654783,0.1505469451767594,0.09778545915523061
0.11412377027607079,0.17158582714454976,0.18126127553603152,0.22487291592703434,0.0970821198185068,0.21107409129780674
0.13053768160383722,0.17194945251773563,0.1700787650756458,0.2876626434669836,0.07779388412707013,0.16197757320872766
0.1470393306660491,0.14137575763536242,0.20022168525985232,0.2800031636298211,0.0466382017113597,0.18472186109755528
0.14280588725371307,0.16454936903567932,0.1799770837401703,0.25286563758353753,0.042774799909788386,0.2170272224771114
0.21761254370284497,0.23477270723115812,0.177068882433615,0.10038048556588419,0.1632567838598357,0.10690859720666196
0.21463616996703686,0.19428413853684248,0.1892056487681476,0.19285089162481286,0.10223211752457817,0.10679103357858201
0.15486740905183408,0.23493962544596725,0.1489713615399351,0.24011096825021921,0.03729062552959665,0.18382001018244779
0.13878401280047895,0.15202338162707657,0.17393723885967674,0.25847892258882815,0.040244517111135594,0.23653192701280407
0.18555038688058853,0.23135074904546837,0.257815351546178,0.12645652755456252,0.10943824618078667,0.08938873879241589
0.10304287652193382,0.16933158281977145,0.17495773411855117,0.25651181047291466,0.048263911930154176,0.24789208413667485
0.18690401466148335,0.28715454306400207,0.24920575243541088,0.12610021840999047,0.057759677626076214,0.09287579380303695
0.13315376605665957,0.1194777175888516,0.19674817856998775,0.2501971209638104,0.06668598918753844,0.23373722763315213
0.17029525182903474,0.14860582073522832,0.25407620417225646,0.1717613718073659,0.07567820724829864,0.17958314420781604
0.2007489732822131,0.22888929718819492,0.17143348989112805,0.16303775098845588,0.10798463327385674,0.12790585537615135
0.1454711794773167,0.20877638296757128,0.14094483553028095,0.19483209975873186,0.12854094942157912,0.18143455284452006
0.10183616049759016,0.15841393843283702,0.26489828101581686,0.19538644205497957,0.05753316861557185,0.22193200938320465
0.20706519105393315,0.25461645045674375,0.1809276130951794,0.16338281324679943,0.08608193805823307,0.10792599408911123
0.18851039698487895,0.2023103821764398,0.22705167997608786,0.1423422095754578,0.072330053058711,0.16745527822842463
0.14552232013255723,0.17149595141564644,0.23161582396032224,0.18190232522945007,0.055057687967536684,0.21440589129448737
0.15535522892973191,0.3055844442581275,0.15717233663029634,0.11458998396965181,0.18380597511588553,0.08349203109630692
0.19494721925235928,0.29015595217422296,0.17997087491024077,0.07586604318917532,0.17873543618277452,0.08032447429122698
0.14343992726991905,0.21570365745270914,0.16446641322411706,0.16097500250499353,0.17793178258097572,0.13748321696728544
0.10597432044895078,0.14459582507036586,0.2014892437797912,0.20464392560090017,0.07108043730443935,0.27221624779555254
0.11453285782676306,0.14733084367614796,0.32094859492108774,0.20649188926542245,0.04257346046209528,0.16812235384848362
0.21317924932036517,0.21971810218203988,0.18666496423750942,0.13199744292370721,0.11603595851895565,0.13240428281742272
0.2154185078026407,0.21096956154527502,0.18593696862803025,0.209962482742565,0.05059246844524646,0.12712001083624253
0.07780510089438747,0.11102970755728322,0.22356041269733679,0.25726280924066525,0.02769320962617688,0.30264875998415036
0.12154102354985753,0.14795649301429556,0.23660192158595877,0.2169353524836157,0.05365413918158584,0.22331107018468666
0.19979332699409796,0.2502346936682773,0.20026122728957624,0.1165389237114501,0.13395640681079418,0.09921542152580426
0.23382842344738927,0.20200614707572132,0.15905404539668538,0.1505974244179281,0.06430258140019511,0.19021137826208087
0.17414519261993522,0.22722467675931224,0.1792902467238691,0.12355527769296086,0.11141256407661247,0.1843720421273101
0.2555541880718114,0.2165397585269581,0.15720341624808432,0.09578587822296372,0.1974607450916738,0.07745601383850853
0.14175560307628285,0.10456288784878989,0.250458409557631,0.25214425147100994,0.0702050087829418,0.18087383926334458
0.09155101531663293,0.19326461176548074,0.31051149740490097,0.23248419451211497,0.027799995754851075,0.1443886852460193
0.21903176130295704,0.2334908638822128,0.12917052758007358,0.13209604287925372,0.08478396185316195,0.20142684250234086
0.12236152531104828,0.11507291602764524,0.149934161143264,0.2508820102619012,0.028116862777051797,0.3336325244790896
0.14728700811899748,0.16822984082551903,0.20977097807253844,0.26238797087774884,0.05225065592666608,0.16007354617853004
0.1984492688667246,0.22312490290103934,0.2180128131396069,0.12304274876308396,0.10546546651112271,0.13190479981842249
0.22926840060284523,0.2895106942841727,0.1881169724251831,0.10995884496181652,0.09267854885771291,0.09046653886826943
0.19559195212681274,0.2296822673885275,0.17283583693925347,0.1393068446721274,0.144111488744587,0.11847161012869174
0.13567653604970484,0.2178386454479092,0.2413007175719953,0.2214987911714546,0.041745225944505915,0.1419400838144302
0.17314328496416218,0.14535014437693464,0.2129854074167741,0.20562659274168887,0.049691283118037596,0.2132032873824025
0.14569745761871591,0.18176973095555626,0.1917586406945905,0.17219965720110855,0.05141263553510846,0.2571618779949203
0.10914962037600662,0.23679914234420754,0.2125636910959904,0.23708334496479902,0.06664727750563156,0.13775692371336495
0.13574058695236338,0.1279073017553901,0.2690134120040295,0.29477765846684645,0.06439399237252157,0.10816704844884902
0.11066716101019393,0.13684426610004397,0.14562178037500909,0.2903625117157252,0.03940761271792225,0.2770966680811057
0.07984018931462182,0.09745580103853822,0.16195331191528362,0.2922715732604382,0.03133137191357038,0.33714775255754786
0.1989494532579991,0.22539204435924104,0.17479227421728497,0.18350696133053712,0.08413044538017121,0.13322882145476656
0.08727237137132471,0.12798656637359987,0.16461322240371037,0.29207583191516767,0.04500954521827907,0.2830424627179182
0.21115905902620966,0.20489915739678163,0.1640360347410456,0.18445229375815808,0.08054482491028676,0.15490863016751824
0.1827494764619823,0.18459655134481565,0.19033164574484496,0.22373911407362748,0.059785797915398224,0.15879741445933127
0.1424714192798868,0.21668921901128527,0.17128334042968102,0.23454234097540866,0.04972617677052237,0.18528750353321588
0.1256920208682116,0.1316993674885485,0.20722531131708935,0.2708392201226796,0.045817327580142016,0.21872675262332897
0.1518645666277842,0.1278129360563759,0.23156189463283428,0.24751118614270634,0.03655584599482641,0.20469357054547282
0.1451440167777985,0.19943580994824206,0.2568783952368123,0.16710457648490418,0.05476043954538048,0.1766767620068625
0.18988465873069635,0.16929878337815576,0.1783291324579442,0.18125936530818754,0.11800244935163186,0.1632256107733843
0.11687612697071666,0.23989910252510593,0.14715571332487326,0.20332397731018084,0.06985105551494346,0.22289402435417993
0.14372857072309783,0.14821131678906138,0.1891603238530118,0.3019295384388351,0.04290366762457882,0.1740665825714151
0.16499376644003347,0.1764081647740296,0.25553744893443286,0.1622301706066793,0.05221408573740458,0.18861636350742012
0.16295957147493784,0.16935281034147423,0.24427010298059088,0.13519383165778426,0.140202196457967,0.14802148708724583
0.16341952252505348,0.28370299390914816,0.1445954553051744,0.13943055959117187,0.17772949305806424,0.09112197561138795
0.18466189648515882,0.1915907187162411,0.1649252319283174,0.14855092893365784,0.14277464092216174,0.16749658301446327
0.14466218722273264,0.13652505311965013,0.17226435027968648,0.28582571080690283,0.06854482950062347,0.19217786907040443
0.10448846349454886,0.19548480259970227,0.2406584514213231,0.22710170085900666,0.030150020214196774,0.20211656141122242
0.1379671906517617,0.12003385602460698,0.17870459821519744,0.2276292575343158,0.06325563818122437,0.27240945939289374
0.14250711429015778,0.15009867116827227,0.2251144658908036,0.2432433641914213,0.06974548528479227,0.16929089917455278
0.17047973244362635,0.16021667399755776,0.30043979042445507,0.2089115102835122,0.057592339129457125,0.1023599537213914
0.1345561064563238,0.14753705666680736,0.3055129168251839,0.20617024371948012,0.05666820334494651,0.14955547298725838
0.13152004620965377,0.1643703534410044,0.32083000771001774,0.20303536636744388,0.05402235584282274,0.12622187042905741
0.15673682334796346,0.2190913192087573,0.21207025753575118,0.15856530690076762,0.0728100001780266,0.18072629282873373
0.20046852863957837,0.17656420158591715,0.1747859288387846,0.15610735599497252,0.1346676245559881,0.15740636038475925
0.1957746708976394,0.2393038303634921,0.24330976863064505,0.12091877705724241,0.06428657526114565,0.13640637778983544
0.09817054417392541,0.1743852139266026,0.19378729782010126,0.26772072890129817,0.039127598151096676,0.2268086170269759
0.11683300961131461,0.15121313047909218,0.2158038729882978,0.3204042088563641,0.043448453528139974,0.1522973245367913
0.16335648339112457,0.2133067657807637,0.256184223639339,0.12073372268801483,0.07845962867002632,0.16795917583073158
0.14458278195810867,0.20695937619854732,0.17841289901450103,0.19094738683494314,0.10976839237613627,0.16932916361776368
0.1814930575990919,0.15818571013364927,0.19873250730886383,0.16897513154076044,0.12917104578856944,0.16344254762906515
0.20350093293151203,0.24935174059345985,0.20508582575174703,0.11605244050477323,0.11980849800482857,0.10620056221367925
0.13756260495558156,0.13812564028709376,0.23722223832274378,0.24204546077633593,0.05094306154799214,0.19410099411025283
0.2300790282903072,0.2036436213722415,0.1881344560742695,0.10717694128808262,0.2060386047000924,0.06492734827500685
