Class_0,Class_1,Class_2,Class_3,Class_4,Class_5
0.14432807626359379,0.18705614503948526,0.21454784536352822,0.22051451976406827,0.04779876590311934,0.18575464766620506
0.15498693849205397,0.2266581787180457,0.22737878638378345,0.2206035095913672,0.05170398347352545,0.11866860334122424
0.18359296350956406,0.2082167580474081,0.18320567783527295,0.16745462932684949,0.11111035219044064,0.1464196190904648
0.24625050194737638,0.2329154684980332,0.17367333186657927,0.12188510689363542,0.1384868459444261,0.08678874484994978
0.12001762334854485,0.24815046987179554,0.17689739397472726,0.14423843818725232,0.13040711810562983,0.1802889565120501
0.19871733136929473,0.16082219423878014,0.21831296024413016,0.19910357837855616,0.0402805142280049,0.18276342154123398
0.198830057971819,0.17333653549855538,0.1904034350451878,0.23381131516201176,0.06385689170852844,0.13976176461389758
0.18830047398813068,0.23812157672573805,0.19979371207188198,0.1437796831108626,0.13568850497885973,0.09431604912452707
0.22652068850838175,0.2785035546632864,0.15990440973391237,0.13725979464638846,0.08952406800378838,0.1082874844442427
0.17616877821293256,0.13413490344529314,0.18393830312135503,0.2458301074927704,0.06798490654486171,0.1919430011827871
0.17052962947207811,0.15557501323606268,0.1938105543400207,0.1839673633156737,0.0842222601640117,0.21189517947215306
0.1395077810334718,0.1844058906030574,0.20083030341669464,0.1986296664349321,0.09519509236343981,0.18143126614840419
0.1455458940905069,0.3877125759511661,0.11150621478308398,0.14655879169775154,0.10980001771504225,0.09887650576244929
0.1476063569836456,0.16082758290088758,0.2169790166198413,0.20213761452145226,0.09172731130459846,0.18072211766957472
0.1723365244710016,0.2658926420564627,0.1847913415055722,0.15163959522766673,0.0634244979699086,0.16191539876938815
0.11631372689681815,0.13331018631545408,0.269209708958092,0.25815510966047345,0.0350231947044884,0.18798807346467405
0.16689245380414783,0.2298226927388654,0.1915631822010918,0.14526996639099768,0.11875936763498415,0.14769233722991293
0.10344961531292055,0.1413520914588787,0.31025287289754794,0.2543495456388564,0.04134445284062871,0.14925142185116766
0.16393283765209893,0.20660184141377982,0.2100752783125627,0.18528968751937921,0.09192863829107104,0.14217171681110846
0.12456085444448191,0.14807667697911672,0.1903676105321788,0.23973279003519904,0.038412678420151135,0.25884938958887244
0.18764287403715302,0.17512687084404227,0.20932175771339676,0.15956445824397553,0.12127789659649897,0.14706614256493342
0.11655093015087657,0.19473509974247707,0.16181185785171665,0.16550031294832956,0.09541922673096222,0.26598257257563784
0.14433067897147148,0.16160797009515296,0.18127015539591573,0.2879050347361826,0.05311109559269963,0.1717750652085776
0.12542986694597677,0.14317944630200685,0.21013948009232056,0.2614429847527608,0.04728336965555828,0.21252485225137685
0.202532422546286,0.20089860829003495,0.21930063036608805,0.14067626925300702,0.1313969171257131,0.10519515241887081
0.13371444764901277,0.18076531195877166,0.141734680979805,0.21128276181528013,0.05424313527309879,0.27825966232403165
0.15680274980481454,0.2615226845848765,0.17869799530024072,0.15407696260372516,0.08216313783090541,0.16673646987543772
0.2456737673469084,0.19177810857618782,0.22796093892346933,0.1420356747806177,0.09032892832315471,0.10222258204966196
0.2160640269474514,0.23759163150434393,0.25141313474387084,0.11844617247648441,0.10883585787497822,0.06764917645287118
0.12037873669363808,0.11978916535612906,0.21410652429263452,0.32324889218375713,0.04765710042241878,0.1748195810514226
0.1242250512371569,0.2481658587963677,0.14299513398624814,0.19443950762077028,0.08449682836999446,0.20567761998946243
0.25388857189054503,0.19985876355120735,0.1595047732947464,0.12196217161132536,0.12772074184080498,0.1370649778113708
0.14857344126246333,0.3388200308019904,0.139316488966264,0.12882263189943238,0.11616238953291,0.12830501753693993
0.163741399735405,0.14459688461070333,0.2549408046318782,0.201761951523848,0.057072710067879784,0.17788624943028566
0.1069787116736778,0.19258532457535843,0.1788642687300825,0.24448559188199373,0.04705001967051458,0.23003608346837304
0.14918251444447275,0.1972074154044546,0.2143077060079396,0.19506644354828998,0.11904285830365707,0.125193062291186
0.20878149273914007,0.20315083473639484,0.22580790875299292,0.1461389690885659,0.1018019634593211,0.11431883122358517
0.2203552614927692,0.1974773934753,0.18377507475394625,0.1332580100876999,0.15860533095053633,0.10652892923974834
0.20584368166975972,0.18914525122726006,0.26922201841175064,0.1643724083794591,0.07681146119276482,0.09460517911900576
0.16668878862170164,0.11723086292894466,0.32107133652887615,0.23601197439447208,0.03360108696787782,0.12539595055812758
0.18657437986853043,0.28200549375807127,0.17066176964376412,0.13842523785748012,0.10053744707361642,0.12179567179853765
0.24511370325968557,0.2080846360420879,0.1755142646736121,0.13657513602023943,0.1303414829432663,0.10437077706110857
0.22213223664484225,0.17163399322776257,0.17907132987666724,0.21469546567057063,0.09382159127364119,0.11864538330651615
0.20936220150432402,0.18207405264969762,0.2006766214457011,0.1625661968670114,0.11135435903408356,0.1339665684991823
0.15890433420181846,0.17524619253788387,0.21422281416590735,0.19537989591308066,0.07982632368719486,0.1764204394941148
0.14281993518903865,0.17329320160549408,0.28167709551239256,0.24839189568419262,0.033991748344201565,0.11982612366468064
0.18968743937354024,0.20873672784613598,0.17721349071125705,0.13430846145456724,0.1099691509034982,0.18008472971100123
0.16184318234657866,0.14982111418386493,0.24018774466814297,0.20818741017150952,0.041937437606910384,0.19802311102299347
0.1860415086848471,0.19690690571587818,0.18214868025125278,0.2191735685495112,0.08750769096698546,0.1282216458315253
0.20785231630548673,0.19789948028700513,0.19419864593379765,0.1389018723852478,0.14042685203040245,0.1207208330580603
0.21562738520179386,0.24864466717975542,0.16799387496214427,0.1436228819190184,0.09119471307397847,0.13291647766330955
0.15725085710511005,0.3011769518421277,0.1771624486295813,0.14145223044592117,0.11347280842764143,0.10948470354961827
0.12707305054491091,0.17196718359579855,0.22233427965181304,0.2210995939377145,0.056413912580351236,0.20111197968941183
0.11609277783455466,0.12161787869394115,0.21323309711396676,0.232345028537644,0.035479406837468266,0.28123181098242517
0.20983112592980988,0.15461646559404146,0.18935097183740623,0.17696160106535339,0.08983364567443636,0.17940618989895266
0.19088610861396463,0.1478596076535309,0.2587192302493087,0.2106329768798068,0.05213146856530804,0.13977060803808103
0.14754343850094526,0.20049785409700813,0.21720695627797057,0.2225997595282335,0.07147230837894157,0.14067968321690097
0.12368634919176975,0.18455062686199963,0.29996330197945664,0.19837864362968355,0.05181690595458209,0.14160417238250828
0.15858067544375476,0.21126863967805726,0.25487164835288767,0.1693560265888551,0.08686969599342752,0.11905331394301764
0.1256247564218011,0.1579850921061999,0.16562057665563507,0.30455405511032557,0.0426837271030763,0.20353179260296206
0.20089932447178713,0.2343849137621663,0.1591405346000746,0.1893247169763964,0.09107066540769314,0.1251798447818824
0.20278135881839482,0.2138555074885194,0.15208050325505282,0.13559720140688547,0.15761897963493224,0.13806644939621526
0.15708050662896977,0.27820391070141687,0.13587347296223762,0.1454807870617671,0.13109259873848716,0.15226872390712165
0.19124258116824125,0.311308762867548,0.16119017253736598,0.11865713534171252,0.09530012011314293,0.12230122797198925
0.1807262481082132,0.18863039744783391,0.23981928106135417,0.2003017549929159,0.0646437958691839,0.12587852252049908
0.13194760425389587,0.12356023189070675,0.3001936163212988,0.27402012311565865,0.036874742548745704,0.13340368186969417
0.20772419930973862,0.2575753326242721,0.16673058078758604,0.13382341739936268,0.1329739570783722,0.10117251280066837
0.17770169453079102,0.14239305120276508,0.20629686933851468,0.2205580152900973,0.03827634810466628,0.21477402153316555
0.15877841446033522,0.30846272972238414,0.1620105473673836,0.13199553293563307,0.09361338863094032,0.14513938688332356
0.09270212658014458,0.11322116471846957,0.32236224899323646,0.25207482651949853,0.02442942310335777,0.19521021008529307
0.14872005990074735,0.14425904255505223,0.1805566866033132,0.2114776371659647,0.0633917922321441,0.25159478154277837
0.16969296871545753,0.21424759531609636,0.2081714035757555,0.13541869134242515,0.12250830392280955,0.14996103712745595
0.1608704994728761,0.2057493704771158,0.1445808201248599,0.20297733127292875,0.10784733905205385,0.1779746396001655
0.18600529957403864,0.14808807226756637,0.2200262166877441,0.24093093950954522,0.04896036120658359,0.15598911075452213
0.22962477131300843,0.19996217510228456,0.17658896096037907,0.17325003006569623,0.07554705277084235,0.14502700978778946
0.14967970158116603,0.1961165889426909,0.21722972282702596,0.24254663999301238,0.055473770123728394,0.13895357653237625
0.12525390672675343,0.2678358905168411,0.18849538427105805,0.22849097821420555,0.06170245035497314,0.12822138991616866
0.19758803084667206,0.2556717720511366,0.15625145748680203,0.13072667395387147,0.1368373763708955,0.12292468929062225
0.1613476885798825,0.12287725580544255,0.34221038121825625,0.17748352892566685,0.04394288617558445,0.1521382592951675
0.2273960642716193,0.23430357469038504,0.16422238284225826,0.13348048621215064,0.11681663686892806,0.12378085511465872
0.15679902843481033,0.11362414902730138,0.22248010741800045,0.2918904751385998,0.05373171066956014,0.161474529311728
0.13443781341202005,0.21609004455392838,0.20009812965381407,0.24060554815971927,0.04597993974570468,0.16278852447481368
0.08961212920073489,0.1204756428175427,0.20682210726503136,0.3052555175053,0.02782322010968492,0.2500113831017061
0.12682111344102093,0.24337206615721563,0.16951692116239672,0.1591936324809184,0.09116964983706927,0.20992661692137912
0.15880315981404577,0.12775869129213852,0.2485885314933301,0.25078512494928284,0.06143591518850234,0.15262857726270046
0.0861897873677596,0.10538251916870572,0.26473230471441583,0.3022953705618013,0.038628625545895974,0.2027713926414217
0.22743889235851708,0.27568849105974325,0.17872147837042632,0.127183099810839,0.11237241989263377,0.07859561850784066
0.12807904742162454,0.20877552700123114,0.2621478745713458,0.17825676930900147,0.06052931000590608,0.162211471690891
0.24779638926189912,0.18285419273948447,0.17378344575462468,0.1963346078750469,0.07443219479078679,0.12479916957815815
0.21491992960847545,0.27747142441607037,0.17483060646449605,0.12169648055044015,0.09006863187806093,0.12101292708245692
0.27465896122169503,0.1656683562147731,0.201442174477431,0.16346425405149198,0.08192774597115203,0.11283850806345683
0.1435756116785238,0.19398330775141173,0.14746599350043285,0.1670172956023751,0.07814703026114017,0.2698107612061164
0.12525325811158158,0.23420012057537548,0.1764662450874646,0.22194481222801765,0.07018088134735112,0.17195468265020963
0.1874311059771932,0.23450804325800514,0.19881839365017293,0.1612489278169749,0.1145226111257042,0.10347091817194953
0.1063031183424648,0.1467507109862322,0.17306962955002864,0.21403668130115236,0.06247379317938815,0.29736606664073384
0.19474238588928336,0.18736865182447643,0.20841582140069037,0.19646943253499768,0.08553893016453185,0.1274647781860202
0.07695211802631775,0.17211445177250734,0.14427908457610783,0.2948048015855678,0.04286610722845721,0.2689834368110419
0.173398680149377,0.1455085227875664,0.2039904410992543,0.2077373688158223,0.07775882671639996,0.19160616043158005
0.15290948219399006,0.13186683384006367,0.29165228559216233,0.25217696495256675,0.03229319996383978,0.1391012334573774
0.2068223290204058,0.22777021087305263,0.18089176870283413,0.15025842448465881,0.1203697743332931,0.11388749258575549
0.14269886930959183,0.2165411303488859,0.14049745017083187,0.1796255534356832,0.07701873979475928,0.2436182569402478
0.12036155520335028,0.10541285591023626,0.29158133440050393,0.2502868228245992,0.04224724331670661,0.19011018834460372
0.17667343483102377,0.11589318141487753,0.21189782285458347,0.2739096917675796,0.053997005249069883,0.16762886388286555
0.16672210901768802,0.17304574072879256,0.27391244215434984,0.156052636239216,0.05464298100552145,0.17562409085443215
0.23551543507802886,0.19310975490389623,0.18056389705795478,0.19177330539231915,0.06952759550982669,0.12951001205797422
0.1591299269428214,0.20654285691227028,0.1718922997693422,0.18301344367936007,0.10348935568071183,0.17593211701549427
0.1762943157553539,0.2758209144207308,0.18281499831976267,0.12314754849184693,0.13790028739478158,0.10402193561752408
0.12816429953922706,0.1588341998947193,0.2008400140653299,0.2377957821749719,0.050992646685911185,0.22337305763984053
0.1597347044185596,0.17949042557960088,0.20056270315780356,0.19975779617552317,0.0923821073021472,0.16807226336636555
0.14029405921868465,0.2179574317813002,0.19098348308308077,0.08519771731484223,0.26421952298866136,0.10134778561343073
0.20695397245676925,0.15061066531836884,0.27870698147684686,0.16194503420566647,0.08968382154745573,0.1120995249948929
0.17115014353995792,0.23525626895791882,0.15661330306759186,0.14989650054957498,0.10369814924141886,0.18338563464353763
0.19713221019372296,0.268370270288585,0.16886954813589153,0.10804486634579166,0.16706982164149706,0.09051328339451181
0.24348163849611468,0.17629908200316471,0.2229771062525491,0.1612994792423975,0.04383115704032853,0.15211153696544538
0.1908170780660189,0.2885073951067417,0.15538068621936307,0.1598513240574224,0.0901933365352451,0.11525018001520874
0.11241199306388505,0.12531690154200859,0.23522740212026724,0.2531247955552281,0.025975958054482252,0.24794294966412878
0.14664234295283096,0.21928848633419526,0.1671888845260711,0.16942590638771096,0.07432233543629621,0.22313204436289563
0.17905033071672258,0.1625566023403941,0.23300498560147084,0.21373319313460906,0.07211108018879064,0.13954380801801275
0.15667391533208821,0.20272376929676203,0.17050241263649177,0.1439409268661803,0.13209038776405949,0.19406858810441843
0.23186475847805474,0.22787294858213195,0.20418398410634767,0.11824037309245375,0.1460371920154006,0.07180074372561135
0.17857515644626434,0.2163386644255385,0.16015618905209522,0.1717899627178791,0.15026118988258164,0.12287883747564113
0.17067724858601957,0.1692337350458876,0.276850721419675,0.19985581992227244,0.05545366541714924,0.12792880960899605
0.12232313029142544,0.1669068304673513,0.2389300298167948,0.25461772535475935,0.08456593059897151,0.13265635347069749
0.2370691614108906,0.18977173889351717,0.15631505711194374,0.12115951487659345,0.21937804389527485,0.07630648381178028
0.19269924937308963,0.18015478118543377,0.1894262549390686,0.24876222323832464,0.06404040883890545,0.12491708242517788
0.15005853605791072,0.2870928077727627,0.17960792835890624,0.16489228023499972,0.09012997972848812,0.12821846784693264
0.1336513214762149,0.3327487953958905,0.1790198940621219,0.14175579223385337,0.09353807364932787,0.11928612318259144
0.1600946627042124,0.23904093764993242,0.1984836805486656,0.1414189649932128,0.12856869154914835,0.13239306255482833
0.21192550012820668,0.1898482225110239,0.23998236210246882,0.1614649287241386,0.0960561435114214,0.10072284302274058
0.2357442891096851,0.16477039676490873,0.2318952965067688,0.18900795908359685,0.05982985754195549,0.11875220099308505
0.16102663569997547,0.30275992414899483,0.1751898557429356,0.10630138042841013,0.17030922155690467,0.0844129824227794
0.18116491434935,0.24573047158205225,0.14990865637339523,0.13495174142770372,0.1668806810919988,0.12136353517549998
0.161807669053236,0.1956804426842052,0.15500747493526948,0.18697917618822782,0.08060690223480689,0.21991833490425466
0.15796225740600067,0.30471052198970366,0.16082161803885708,0.13766210699110015,0.13856770985210917,0.1002757857222291
0.1290059801232729,0.1860163741654905,0.22643547925327742,0.178444960903309,0.08108806891563435,0.1990091366390159
0.1536480951803928,0.18907063143839992,0.17943873146252912,0.23988905517049283,0.0920848804933958,0.1458686062547895
0.11876096393474023,0.3067210303132201,0.18199707425016606,0.14258922786775996,0.13011410504272652,0.11981759859138713
0.17080930079949438,0.18654245136377193,0.22693922914249987,0.19392302159050528,0.053789691955311345,0.16799630514841726
0.19968299290772107,0.17769271570930173,0.22692381095574254,0.19361904917719738,0.06974493483672942,0.13233649641330783
0.1766042386208696,0.22251438433785772,0.22212100260950493,0.14463550823236157,0.11325254580805916,0.12087232039134697
0.11299564559815314,0.2655477028400626,0.14308617475851518,0.1731635763708415,0.12064882577399248,0.1845580746584351
0.1781295941113906,0.2434052344249419,0.18313725670066006,0.15570032266154896,0.09471108272557806,0.1449165093758803
0.1953554768580911,0.1705309689925591,0.2362183435960389,0.16450846508758274,0.11433906436152787,0.11904768110420028
0.1569970482928011,0.2369227091925543,0.2060499104085582,0.17976448757869642,0.07273463491208783,0.14753120961530203
0.15525601358526137,0.3572376880672171,0.15114833985310855,0.12022423622565954,0.12014136297798322,0.09599235929077005
0.10384289182294525,0.14903227818041112,0.2770106338354996,0.1895436670160763,0.043747250043205926,0.2368232791018618
0.16492341649222436,0.1681899065636768,0.30588335145065837,0.1992386841188071,0.061580471946500376,0.10018416942813309
0.18930767102036697,0.13320448845598712,0.21656130866775922,0.23049024369953416,0.0692548466134391,0.16118144154291353
0.13768621063323708,0.28349236093028524,0.1378969360521753,0.16590301276256994,0.11359298979311125,0.16142848982862124
0.19830365163115202,0.18148765735021907,0.18672142059396174,0.21229040401266097,0.1167151040935982,0.10448176231840786
0.17904036362601913,0.14472751635796197,0.1977568070427906,0.18604972856814353,0.1293697703564795,0.16305581404860525
0.20594434610713444,0.16166893139324426,0.2700083957854093,0.1979077320798634,0.055684258286207995,0.10878633634814058
0.14476337551194599,0.2742710197858997,0.17136854875519067,0.1811276928126143,0.10317106847144736,0.1252982946629021
0.12292711992640958,0.14404657944033175,0.2267372119212146,0.2450508338708838,0.04830416043292896,0.21293409440823122
0.17599984271582553,0.26281924422220787,0.1900637377567771,0.1555412001531372,0.11198747748859783,0.10358849766345443
0.11944040775272832,0.16590379679532674,0.14812625489117429,0.20251472683641497,0.03809926612832008,0.32591554759603564
0.267266497297678,0.19293352947514414,0.207637244141079,0.11279571148169303,0.1202943049747045,0.09907271262970128
0.11899369212605462,0.13282766942576735,0.1936112542972704,0.33992678838448026,0.03543076312301909,0.17920983264340834
0.2148223785766581,0.15177833431673338,0.22593863608015152,0.154489422518556,0.16573256699548738,0.08723866151241357
0.10106352645782746,0.1988726655730531,0.11582604563743351,0.2542655033573161,0.05694419521641322,0.2730280637579565
0.14661297133487936,0.1872606724703342,0.15342391799102537,0.24991280226472262,0.06991147015731597,0.19287816578172248
0.10929085062798516,0.08704391269002268,0.24837043993605232,0.31622813616387135,0.052688873799438804,0.18637778678262978
0.14361214409546275,0.15497033348816858,0.2852271263927482,0.23055114543648839,0.049659081837031854,0.1359801687501002
0.13775824068340617,0.2080922213717346,0.2465550556181074,0.20117590332862242,0.10475303874893939,0.10166554024918983
0.10069330860653541,0.18534122410352563,0.1854577784812853,0.24779953829532306,0.06315000703895984,0.2175581434743707
0.12640901674696234,0.2431773691293095,0.12719767678732743,0.19463437254420457,0.09470684474790603,0.21387472004429003
0.2032853227205581,0.19602449395665042,0.19602476026855564,0.17046706047017615,0.08475007714247668,0.14944828544158315
0.10622934460691424,0.17987324371855373,0.1675952029625131,0.28360380511653627,0.04412186711638439,0.21857653647909828
0.13602780017126384,0.2890632212029423,0.15498257125534806,0.12361830597259915,0.11030165751649978,0.18600644388134685
0.1902404024329527,0.20607113479554398,0.23468155237951419,0.19585582793819442,0.06635265269419467,0.10679842975960005
0.15257114976794472,0.12933021569831826,0.2723343730239188,0.21464260353154396,0.04411700050507264,0.18700465747320147
0.17479918520635465,0.24274330182910145,0.221888015228677,0.17419764090635376,0.05854391150047118,0.1278279453290419
0.1002021525891922,0.10656445441394112,0.20354634536782248,0.3678204830572844,0.023457009740196676,0.19840955483156322
0.14990848550800534,0.20812511677153367,0.2280095564406559,0.2303621732032906,0.05426122381093323,0.1293334442655813
0.1514661667011923,0.1699489721732113,0.20341138815009605,0.2015522837287312,0.060222625095793965,0.21339856415097533
0.08436796583009677,0.15415521438338162,0.16028792090626606,0.2567487006354982,0.04554266476853373,0.2988975334762235
0.19973639661153378,0.16998854123710674,0.2759271509411044,0.1602609488802458,0.08290529245613139,0.11118166987387791
0.11190350978953494,0.21894747658625474,0.17375086360936318,0.2063766498185421,0.09350417854350025,0.19551732165280475
0.18739659321527927,0.16651130006808346,0.2857048538033644,0.18579434074226744,0.07080056260028189,0.1037923495707235
0.1562510200288808,0.1999955942771674,0.18041691123871684,0.18768653853674028,0.08900348973924947,0.18664644617924517
0.13769229604067895,0.17533938934864265,0.2295437217212978,0.22759551047985133,0.09239101262570165,0.13743806978382758
0.10155284669914687,0.07551449454203289,0.24221807253897196,0.344605417965269,0.023436055698748334,0.21267311255583085
0.12381063217692823,0.16737135588978688,0.20058262538882418,0.22032049797132697,0.054678334022664636,0.23323655455046916
0.16133368985022728,0.18304424684707793,0.1847076674678007,0.2047192132101947,0.05095234077406443,0.21524284185063494
0.18401769615491753,0.20697266970305728,0.1789513669770824,0.1830858232266413,0.06511827708289285,0.18185416685540856
0.15369150939906795,0.139185926029356,0.18379124137130656,0.270261986914916,0.05593294239184423,0.19713639389350934
0.2758521771242532,0.21274694295906726,0.22365760740369703,0.10502953001319804,0.10136884288726668,0.08134489961251795
0.14338346030569973,0.12819870712932582,0.2678165457600069,0.2482199972822195,0.05441153070564375,0.15796975881710426
0.14391202087036975,0.2025572817245771,0.227970175839196,0.1997299806276659,0.07122841527208623,0.154602125666105
0.17615103452061914,0.19951568543093995,0.18230464893878445,0.2067550839660051,0.0901979620019216,0.14507558514172997
0.11432984933159045,0.13605771221093169,0.2275604592813031,0.22321910020049282,0.06408299165440427,0.23474988732127766
0.07358539503943556,0.13572417561290331,0.2260779354416841,0.2968915857196038,0.0202334892693395,0.24748741891703369
0.13352563872948198,0.19632202744105892,0.14456303266569914,0.21693043172895074,0.08266890096775201,0.22598996846705718
0.16979013854979985,0.15042321228357847,0.1974245966294491,0.32028292988618084,0.042243345789384816,0.11983577686160694
0.15712773131599692,0.276791262562329,0.12956077927131998,0.16639566408353085,0.12025177614645764,0.14987278662036546
0.18149622810432953,0.1479055060987374,0.2597697802538831,0.18780556762767192,0.05733061608996752,0.16569230182541064
0.1270371253605661,0.24622001678403596,0.19324189477973283,0.11341225449292502,0.16300569061268613,0.1570830179700539
0.2249942825672878,0.17451617089587398,0.23832782814060752,0.14245927758687926,0.09112956555402359,0.12857287525532787
0.14742726641646453,0.20324973353538106,0.2228456660060568,0.21655085925434056,0.055670194605049225,0.1542562801827079
0.12275008747613962,0.1252719075092264,0.317500927797324,0.2223750275102984,0.02955456890827902,0.18254748079873268
0.21670635769589153,0.1955312899160124,0.18738965729324927,0.16390420504266204,0.11870570497878143,0.11776278507340339
0.10019385715416773,0.15277185469245613,0.2640339385056048,0.2486741661082328,0.0438745004773254,0.19045168306221316
0.16603995202982885,0.18975779634609477,0.28148688800086025,0.14224900497761314,0.1002265424296427,0.12023981621596022
0.1902891414873256,0.2753555859820859,0.21212024423561243,0.12572982683013095,0.09680140150222481,0.09970379996262016
0.13574836626643233,0.14425519507918164,0.24807749423846767,0.23366295478355847,0.08748455467809742,0.15077143495426237
0.184408741495239,0.20694046912760672,0.23861512727240133,0.1564318106725,0.07600199675847788,0.1376018546737751
0.1491670755243335,0.17013994519636458,0.1786951122182443,0.2542257035423171,0.05024966571018525,0.19752249780855521
0.14718598415851733,0.1541924435014453,0.2451136479002806,0.24832393942087894,0.06248171300117789,0.14270227201769994
0.16689161484440038,0.20952096516028984,0.2313903381541843,0.21411227719118323,0.05640697233216287,0.12167783231777936
0.18103789019554895,0.2275328559169037,0.15179622541189233,0.16362145975676406,0.1653742763135167,0.11063729240537429
0.21574863758515056,0.19233946320282927,0.19655822080668767,0.15270202672399388,0.1342045645549522,0.10844708712638654
0.1314115831925448,0.15896270289224418,0.2121490216790917,0.28740537626386875,0.03451641219499033,0.17555490377726024
0.18240334695985794,0.2042034298293706,0.21280178660977417,0.14517495465685396,0.08369444251247345,0.17172203943166994
0.18830015592201574,0.22356606833276427,0.21517009452406016,0.14276622606685704,0.14657865876527632,0.08361879638902642
0.21885405446271627,0.17521171936282448,0.2082858043285034,0.12276260811131189,0.09621201214724057,0.1786738015874034
0.11986540113055624,0.21872798843582814,0.1949982104538676,0.19959213517454827,0.08795611860746831,0.17886014619773133
0.14105040957451723,0.22626199133352223,0.1570455754375062,0.16848728682330008,0.15807767548978116,0.14907706134137325
0.14615478910747826,0.19826763917716272,0.17698894674001792,0.21884810444727495,0.11777115359848467,0.14196936692958148
0.12046349554230358,0.15942953778830282,0.2846590849730574,0.23228178086317447,0.050283031505708724,0.15288306932745305
0.15239406230235547,0.24814735548100586,0.18668390991965989,0.1875254637337714,0.08555660842980338,0.13969260013340387
0.2058284894488862,0.14823325919194608,0.3621564322973966,0.14234681407867844,0.05462435223146116,0.08681065275163152
0.12789838298953965,0.18369862865061076,0.17824412293712322,0.23592377485291555,0.056047900319974836,0.21818719024983613
0.1653131779105523,0.11800672667745853,0.25960024209556265,0.20132927738513678,0.05409318667468351,0.20165738925660615
0.22749799955403546,0.19731827089054643,0.16936494673612212,0.16874854244633927,0.08704480407984815,0.15002543629310852
0.12586169985374757,0.2600126135323917,0.15913090712579883,0.20485726739939833,0.10394838027742181,0.1461891318112417
0.12417703285714844,0.1538826387903145,0.1982301338350098,0.3245786434539137,0.046900456166505476,0.15223109489710807
0.11137407019069134,0.14570647940720702,0.26599765298732914,0.2342517658834266,0.03983011823364905,0.2028399132976969
0.178078535184783,0.16546337080845888,0.2167048657945987,0.19691469599113037,0.06819094607865493,0.17464758614237413
0.1276754915805736,0.17794917394308932,0.24002127968737436,0.2603972234753701,0.04941589014350103,0.14454094117009153
0.1337451305308266,0.14947853346361287,0.36846865534558176,0.19492710327414567,0.04866932193311515,0.10471125545271799
0.23731900917829596,0.19703831124436905,0.22950466469924696,0.1289181713306765,0.09295136134189458,0.11426848220551697
0.15160135396224747,0.2586871147488925,0.1638724033989213,0.21554810995913798,0.05948407276073656,0.15080694517006427
0.204085537937259,0.17301243643214437,0.23407100703974057,0.2331787154274329,0.04613387593192341,0.10951842723149964
0.1167467599762349,0.12993589933714397,0.2748854904793208,0.2842323400582535,0.024477923110812237,0.1697215870382345
0.22450584289438796,0.24130390906040664,0.18272717743907624,0.1349310595199152,0.0968277241047787,0.1197042869814353
0.08787241473702533,0.08903413359156975,0.17857351314299147,0.317942115246218,0.02022022799357231,0.3063575952886233
0.16171321181931284,0.13133542897878228,0.34054983975953,0.18205323540171217,0.030800369609992863,0.1535479144306697
0.19990475840986044,0.22020443743005425,0.2100402325876296,0.14110063220174376,0.0957848576196992,0.1329650817510127
0.20240249284464562,0.18244670252903317,0.2100533475164957,0.22716830978353525,0.06599060923660112,0.11193853808968912
0.08778284788456657,0.1844932650814728,0.1611653055025925,0.2908648852251891,0.06008204881528217,0.2156116474908968
0.17230147368955054,0.18708138121106435,0.15972152409479254,0.17063818660929408,0.1198716292586876,0.19038580513661096
0.16441226854160584,0.10020407740770462,0.30154737503989476,0.2824433980248414,0.030828531441751246,0.12056434954420216
0.2625402044672297,0.18249585133687266,0.17784959071721831,0.1474482220578547,0.12517785685238902,0.10448827456843557
0.17139307119570402,0.21082362996442564,0.21049471116521853,0.12353266852993616,0.20164538221742567,0.08211053692729003
0.14918236522333037,0.15546760772719692,0.20726742239111576,0.21416039585904484,0.07733194796371894,0.19659026083559308
0.11264419269191185,0.17684825713618713,0.292632094009936,0.18553693649951408,0.09099196677115289,0.14134655289129805
0.09159536559631504,0.10801041058039544,0.18817320165208093,0.25686322112796894,0.04566568277893354,0.3096921182643062
0.17593510462768647,0.23256509354216137,0.2824810077023499,0.15935998838402987,0.0722948849555506,0.07736392078822188
0.13798793971368373,0.1612046449831864,0.18415037845495694,0.2350965363138991,0.04761680991406406,0.2339436906202099
0.1642738713087626,0.2553319099080481,0.19489588147316012,0.13826378549898669,0.11640142929206047,0.13083312251898205
0.11508101767754192,0.22590740155103525,0.14914988227608578,0.28962458413070075,0.056498677944632876,0.16373843642000338
0.19865979901723047,0.16535902877006392,0.22874458148097548,0.18046745961557936,0.10887494839316528,0.11789418272298544
0.19368151963529723,0.18059404240551297,0.32483406171814067,0.15332363699155827,0.07396049698125035,0.07360624226824053
0.1458662007610285,0.1577015620492094,0.24303759651694132,0.18699062047819198,0.05117311184292682,0.21523090835170203
0.1634583324583257,0.13746498983680566,0.2538100552714029,0.24694192896666636,0.04539030331358468,0.1529343901532147
0.1456932400581899,0.10915600034546616,0.19596368543702233,0.3017719335627907,0.04181260247229708,0.2056025381242338
0.1845881723417402,0.2833822625773091,0.1602544041461361,0.14243552113870273,0.11622720910540833,0.11311243069070356
0.11924386019616584,0.14999441914824171,0.256337565697749,0.1971753916572826,0.10659390585958299,0.17065485744097791
0.1439356292755578,0.11597608383759582,0.26553595335044416,0.23710753896255407,0.05831987842593463,0.17912491614791348
0.1432208302030753,0.1548107317208831,0.19600252824191455,0.24622705200891795,0.06286351951290985,0.19687533831229923
0.14898563988138966,0.14700183391378246,0.18948090126218486,0.24823704705862712,0.09156724883336129,0.1747273290506547
0.27691261209926765,0.21294036596675023,0.18346943848203576,0.11140348093826274,0.11462007513510326,0.10065402737858037
0.1558904689225186,0.22337362517673065,0.16186992699279795,0.15105976287155437,0.090478218261009,0.2173279977753896
0.12023991365012549,0.22471152661432556,0.21198663558880707,0.22760395698812352,0.04921882926686633,0.16623913789175201
0.19228125535823684,0.12460683520451409,0.21316330509690107,0.25384369346638136,0.0741912414774279,0.1419136693965388
0.20420624565883,0.23836212920090064,0.22891551754638645,0.11061227847239141,0.136179851103373,0.08172397801811844
0.08934071589474059,0.12216779795874311,0.17371351295296839,0.2571549156076873,0.03707244819333111,0.3205506093925294
0.15621358675106595,0.3574786252522277,0.23637822982170892,0.10178876146568469,0.07069837091347925,0.07744242579583348
0.1738075396668466,0.1338390142782701,0.19627097525040302,0.23981018026688775,0.056310142385907896,0.19996214815168467
0.11246101352930456,0.1939537323007628,0.2978992266701516,0.16688275121263335,0.058565232691113384,0.1702380435960344
0.23704158635528194,0.16914496605201346,0.2345863040427816,0.14699031218221306,0.09802791565967003,0.11420891570803982
0.1970422381600453,0.16298725969193392,0.1944937432989484,0.21129914016479934,0.0813460905907938,0.15283152809347939
0.134157689212,0.12056206993824231,0.24225840042702146,0.2275428849184662,0.03713403163939348,0.23834492386487655
0.2054235282028287,0.22845495082724526,0.20415512401595004,0.16829737540846582,0.10449608493655271,0.08917293660895748
0.23130258347638194,0.18205488980431198,0.18189767832326795,0.20265752635387427,0.07216503573573706,0.12992228630642672
0.1535280911929194,0.16069733232105732,0.20120836361366504,0.22123916665285048,0.06413900810593541,0.19918803811357244
0.1774978448519023,0.3054896468774599,0.12335623430989393,0.12048122217428914,0.174330702773235,0.09884434901321974
0.20612877577837707,0.20378457696920446,0.18725798286639755,0.1465515335179618,0.14075457562566346,0.11552255524239569
0.15848705245531147,0.19035049906557228,0.1991280044246655,0.10561481902660179,0.21809879830039763,0.12832082672745146
0.12433545902680726,0.16766617912450332,0.2118701555130002,0.22096509225643157,0.042518903879911134,0.23264421019934628
0.09612184617619826,0.18308871001180047,0.22295015227000975,0.19346487380070487,0.048311118622834555,0.25606329911845216
0.18601332264909512,0.24787682642148823,0.15046216336546336,0.17155884093094514,0.13334895065429522,0.1107398959787129
0.2170080159952912,0.20675450460401418,0.1732950002538584,0.20608224279833642,0.08371300328885273,0.11314723305964715
0.12345240521113532,0.08685456046508537,0.20202717766470923,0.2994783890784471,0.025221886859345937,0.262965580721277
0.11742398976607488,0.14136842142508946,0.22825254433445033,0.24172537455437224,0.035313913942478695,0.2359157559775344
0.28566338251762763,0.21827426677012052,0.18947326822865546,0.10457124065950156,0.11870129464176912,0.08331654718232567
0.20443604941993235,0.1865832612277532,0.17717737270118508,0.1497857776558757,0.09041840844680239,0.19159913054845137
0.18616372713575735,0.1919762780400042,0.16964115066490384,0.12955538473034947,0.13154394120537483,0.19111951822361026
0.19356025981146918,0.29772584198320506,0.17719881377980184,0.10772215504225054,0.13528602786779012,0.08850690151548328
0.1066476492601624,0.14826856340789815,0.19557135133050416,0.2690108377364958,0.06810600695821688,0.21239559130672267
0.1452814805174297,0.14358059872505194,0.3452458222673213,0.2131358890346893,0.031404926085166186,0.12135128337034158
0.17847960638332636,0.27572775465392957,0.1738907922661392,0.13085554417182058,0.0914606445684212,0.1495856579563631
0.13602739803129474,0.12999597794578083,0.18899349825976075,0.2216814121231071,0.05305986235265841,0.2702418512873982
0.1574745719288734,0.17830077810083791,0.321056801338905,0.17130621371554963,0.07020976978516175,0.10165186513067229
0.20555222420324562,0.24468622856483888,0.16502794610179802,0.10942105446639752,0.15505837287780197,0.12025417378591795
0.1697611258369599,0.3754771306386939,0.1357747909029615,0.1167571874496331,0.0970489265510002,0.10518083862075153
0.1858693314319371,0.2544453682505374,0.18554179348568403,0.15038884578128303,0.08460391281076875,0.1391507482397898
0.14890040896069026,0.21648309545016917,0.2505345603607299,0.2156635024070339,0.04372680765086807,0.12469162517050862
0.1632186566229364,0.17713294810147387,0.1955599660680365,0.24495642269158788,0.049853421805966434,0.1692785847099991
0.1550594736807978,0.12306756842315998,0.18677891450805706,0.26286849301963167,0.025209262840587127,0.24701628752776644
0.11062238506342686,0.25258942182833716,0.14319383496665164,0.20182270528730026,0.10490965112628521,0.1868620017279988
0.1459707820782448,0.21016124553080714,0.19767389091364818,0.257057778507288,0.05130286534544144,0.13783343762457045
0.11192652647637912,0.1392424471516449,0.14204473050769148,0.23236898258232005,0.03714276020879254,0.337274553073172
0.11924558747092306,0.20382467010102617,0.1908246620014751,0.1911500313463242,0.06309129131751039,0.23186375776274118
0.19236374626855846,0.29097451028745447,0.15953974358731204,0.1216261502355875,0.1062527974653442,0.12924305215574322
0.10797482166477458,0.14891809578712792,0.21283387931303369,0.32121984538778375,0.024298272892657864,0.18475508495462215
0.207239464598279,0.1853020499823484,0.24246706258887213,0.12673251354821558,0.07451020922611461,0.16374870005617015
0.1402560601805906,0.16710900056092273,0.1954195067838684,0.2139101474475762,0.06519696354095712,0.21810832148608492
0.17082091504215824,0.1915123389461922,0.2023525231570647,0.17785786926460542,0.05754838007338021,0.19990797351659906
0.11864050026428037,0.1528463339278149,0.17481326399367123,0.27392531153229177,0.05598027538309608,0.22379431489884558
0.12712843246276503,0.14738531727528248,0.20844435934597066,0.20118789256159933,0.06119411505200381,0.25465988330237865
0.22217727968890325,0.15435300562122403,0.24413294895360813,0.21082507141018286,0.06546970803464014,0.10304198629144169
0.19292681402098105,0.15348068087499936,0.18657173626838403,0.19947524326813978,0.09335530667781089,0.17419021888968492
0.12236755871457866,0.1692989496400289,0.14532552760568845,0.2816045797774399,0.06639170947005167,0.21501167479221256
0.18209890634402823,0.1344193538522604,0.2565272904166993,0.23044516457733766,0.03628048395589927,0.16022880085377517
0.09990226612994785,0.17289632686078932,0.189275584302696,0.2715788077247664,0.029734176934683932,0.23661283804711658
0.22470569332258444,0.1627074978812763,0.22128346474031108,0.1423607578173924,0.17697489234544173,0.07196769389299408
0.16175108925711634,0.18394202565366255,0.18953855729161662,0.15929138392062245,0.20615624309725072,0.09932070077973124
0.12049568624655005,0.1416747006364003,0.2056087352140804,0.2807737326063985,0.05821576561005733,0.1932313796865134
0.15501902865716344,0.1527368726933737,0.23941383911298447,0.20557404884612013,0.07387298467099004,0.17338322601936815
0.15329109122682574,0.23459518723334072,0.22587028552865504,0.15500844264478783,0.08358048599085888,0.14765450737553165
0.10924964732764358,0.1569882952571943,0.21534056932605572,0.2446295121817017,0.04997039178698812,0.2238215841204165
0.13796622749439388,0.1293032322175524,0.24672174502426358,0.24956615052129488,0.04494909193357334,0.1914935528089218
0.1450290569006334,0.12090425898722784,0.25732304969287445,0.26198997653289624,0.044403161302679746,0.1703504965836882
0.15768390245412933,0.1679350967454017,0.2205827369624153,0.24509098865412415,0.0429430044823536,0.16576427070157582
0.17170065510924207,0.20191085992610625,0.2707782330575969,0.17889405089963054,0.08383617736802722,0.09288002363939703
0.19957337339415976,0.1615566186915267,0.3193331648024333,0.12078794526057424,0.06147028316273875,0.1372786146885672
0.14966986529217108,0.22751553953051748,0.208944209759403,0.18169746570296733,0.0989439741016321,0.13322894561330892
0.15337505989362268,0.33927976785539904,0.2184145136975205,0.12150112958038632,0.07589741906359873,0.09153210990947283
0.12632284672174837,0.1268356710785894,0.2549523597428529,0.2799894685985479,0.028280546168336744,0.18361910768992454
0.1077158914465083,0.15954000255969555,0.18858128674818558,0.28068269025689535,0.04847802317103929,0.21500210581767593
0.20278456389123903,0.2110581828791694,0.19654301121469736,0.1622458050977888,0.08159972034339649,0.14576871657370896
0.20209118008583685,0.23724157516012664,0.20695288995402547,0.13320467367627714,0.0992257595106605,0.12128392161307334
0.19131390541007243,0.22666205096287326,0.20058806806482726,0.10399693152475328,0.20288412207591916,0.07455492196155454
0.17063733879594392,0.15026697684238913,0.22103293172771302,0.2184488320683801,0.08321319088271403,0.1564007296828598
0.12827765474353392,0.14139018869477335,0.19824227803430824,0.243343946926994,0.03709417966830508,0.2516517519320854
0.20196783442318209,0.20048365489975284,0.2360453890686694,0.12427292264191249,0.10781437511248618,0.1294158238539971
